244654.88563049852 847642.0410557184 0
417799.6942675159 787001.9936305733 1
671154.3654390934 862588.5354107649 2
139975.75504322766 558022.2968299711 3
339004.95495495497 560602.6666666666 4
607110.2875399361 568116.7476038339 5
823249.4231974921 730681.3730407524 6
858947.9713467049 546259.659025788 7
167856.14071856288 347812.7155688623 8
398591.39481268014 403032.4755043228 9
618167.5856697819 395187.90654205607 10
802277.2261146497 321077.8503184713 11
318253.0303030303 161513.37878787878 12
505335.4301675978 174478.05307262568 13
852058.4525993884 157685.52293577982 14
