803780.0 334441.0 11
578804.0 573582.0 5
119535.0 551857.0 3
788351.0 737539.0 6
311433.0 134432.0 12
142663.0 556520.0 3
826789.0 377676.0 11
898976.0 198452.0 14
345976.0 148333.0 12
387951.0 813315.0 1
436641.0 55171.0 13
321522.0 163852.0 12
876782.0 536438.0 7
448651.0 847994.0 1
339632.0 536577.0 4
888714.0 205560.0 14
668839.0 882598.0 2
884750.0 154317.0 14
417016.0 774869.0 1
603359.0 589262.0 5
377870.0 377550.0 9
634967.0 579020.0 5
754841.0 796342.0 6
380281.0 205779.0 12
461751.0 817277.0 1
818739.0 545052.0 7
290210.0 818593.0 0
501334.0 163002.0 13
600202.0 622079.0 5
801232.0 307078.0 11
418996.0 389541.0 9
342400.0 426090.0 9
604090.0 574392.0 5
338044.0 233264.0 12
267049.0 950249.0 0
679788.0 889464.0 2
235041.0 823732.0 0
892340.0 149050.0 14
325125.0 564342.0 4
923996.0 594948.0 7
383832.0 340506.0 9
872033.0 558924.0 7
799794.0 315080.0 11
148385.0 538149.0 3
815131.0 704478.0 6
504728.0 174541.0 13
684091.0 842566.0 2
875825.0 204959.0 14
598908.0 254032.0 13
399753.0 404222.0 9
560237.0 500154.0 5
331616.0 565089.0 4
856454.0 117143.0 14
283017.0 850861.0 0
630384.0 376295.0 10
315670.0 160928.0 12
402069.0 434868.0 9
293746.0 544468.0 4
789095.0 895634.0 2
555429.0 604551.0 5
795571.0 310093.0 11
171471.0 576787.0 3
324032.0 577807.0 4
117089.0 561455.0 3
796943.0 674692.0 6
255185.0 825960.0 0
533566.0 214619.0 13
171277.0 361020.0 8
262370.0 891499.0 0
843344.0 604964.0 7
599123.0 616977.0 5
397764.0 406712.0 9
669638.0 842011.0 2
139052.0 610320.0 3
813124.0 157130.0 14
778414.0 260729.0 11
878690.0 739021.0 6
200251.0 306215.0 8
792179.0 148539.0 14
176982.0 354631.0 8
826048.0 374236.0 11
140962.0 518168.0 3
705518.0 925936.0 2
595063.0 328609.0 10
311819.0 140674.0 12
837032.0 509264.0 7
811502.0 355939.0 11
569422.0 567790.0 5
489504.0 146224.0 13
318665.0 158107.0 12
473202.0 140745.0 13
393825.0 453067.0 9
412615.0 403902.0 9
227363.0 836593.0 0
674265.0 861435.0 2
422056.0 382193.0 9
209922.0 850026.0 0
835790.0 127898.0 14
639418.0 537903.0 5
827081.0 694553.0 6
319155.0 159850.0 12
800133.0 327081.0 11
438860.0 114065.0 13
366794.0 582584.0 4
449571.0 387141.0 9
856619.0 544008.0 7
423146.0 737571.0 1
174672.0 345849.0 8
651740.0 589474.0 5
798633.0 317300.0 11
514739.0 189624.0 13
812240.0 177846.0 14
333682.0 401078.0 9
603945.0 361794.0 10
115287.0 602637.0 3
848974.0 199427.0 14
172756.0 612694.0 3
241687.0 844256.0 0
270201.0 236813.0 12
116492.0 509399.0 3
194258.0 914691.0 0
792990.0 685472.0 6
395013.0 387179.0 9
779437.0 281959.0 11
653024.0 367312.0 10
174834.0 411644.0 8
394912.0 755947.0 1
809054.0 345541.0 11
292636.0 520371.0 4
389392.0 730768.0 1
325275.0 866433.0 0
201753.0 569116.0 3
800667.0 315995.0 11
176278.0 550602.0 3
828531.0 731300.0 6
337811.0 558454.0 4
800772.0 325023.0 11
864088.0 171351.0 14
601182.0 582584.0 5
409701.0 750741.0 1
824765.0 761114.0 6
617573.0 386848.0 10
400257.0 404936.0 9
460942.0 779073.0 1
163981.0 344090.0 8
873380.0 495161.0 7
818932.0 728481.0 6
148080.0 544056.0 3
244027.0 850132.0 0
295537.0 91032.0 12
575022.0 213534.0 13
810543.0 341180.0 11
570266.0 188032.0 13
211165.0 825505.0 0
336585.0 420977.0 9
861994.0 160156.0 14
442931.0 430123.0 9
325057.0 581121.0 4
885793.0 172115.0 14
245707.0 844466.0 0
370955.0 325071.0 9
861927.0 562723.0 7
381863.0 416651.0 9
851166.0 532382.0 7
486224.0 196184.0 13
864991.0 159874.0 14
638004.0 837697.0 2
418155.0 819422.0 1
800235.0 316652.0 11
834165.0 140684.0 14
883375.0 158482.0 14
229857.0 843917.0 0
139451.0 549580.0 3
330127.0 570072.0 4
549642.0 157506.0 13
783666.0 262902.0 11
266111.0 813259.0 0
488800.0 197919.0 13
588432.0 446279.0 10
356246.0 549756.0 4
222682.0 806314.0 0
178869.0 370161.0 8
801588.0 319814.0 11
596179.0 529556.0 5
337894.0 175289.0 12
137740.0 618961.0 3
665426.0 853940.0 2
372621.0 772258.0 1
616926.0 398697.0 10
112379.0 547679.0 3
863995.0 150435.0 14
279008.0 521035.0 4
460198.0 402706.0 9
817619.0 181929.0 14
156945.0 339397.0 8
220620.0 819091.0 0
120357.0 560737.0 3
265125.0 820661.0 0
284757.0 175853.0 12
470062.0 771204.0 1
221002.0 870506.0 0
340191.0 567638.0 4
327569.0 158418.0 12
356280.0 185198.0 12
605913.0 579526.0 5
278116.0 185472.0 12
324440.0 567074.0 4
806511.0 313841.0 11
587478.0 424878.0 10
669288.0 860515.0 2
645171.0 595209.0 5
223408.0 520131.0 3
299578.0 572052.0 4
198823.0 538624.0 3
885379.0 603686.0 7
229567.0 855332.0 0
885764.0 151791.0 14
730383.0 879136.0 2
626539.0 394908.0 10
626700.0 401688.0 10
746769.0 205186.0 14
802004.0 317772.0 11
358793.0 547046.0 4
416775.0 806826.0 1
131532.0 536658.0 3
521153.0 242968.0 13
515612.0 540643.0 5
628264.0 616214.0 5
415564.0 784464.0 1
837545.0 696979.0 6
843905.0 219401.0 14
398246.0 406245.0 9
617764.0 397102.0 10
835702.0 176502.0 14
141860.0 324304.0 8
804706.0 788001.0 6
278929.0 842054.0 0
419118.0 421655.0 9
809917.0 762429.0 6
372230.0 412488.0 9
615826.0 863168.0 2
340066.0 152500.0 12
452457.0 597461.0 4
245783.0 109229.0 12
402071.0 427626.0 9
639507.0 438534.0 10
800565.0 319364.0 11
169322.0 577938.0 3
764997.0 249477.0 11
620330.0 398630.0 10
76253.0 529394.0 3
34795.0 606311.0 3
590583.0 623314.0 5
624328.0 392133.0 10
219316.0 898830.0 0
669409.0 415893.0 10
848264.0 762550.0 6
823202.0 619103.0 7
840994.0 578455.0 7
892423.0 530999.0 7
835128.0 212354.0 14
874125.0 543036.0 7
606111.0 617846.0 5
659529.0 498474.0 5
570384.0 393553.0 10
621778.0 364695.0 10
379128.0 418858.0 9
829673.0 730398.0 6
390934.0 170420.0 12
153607.0 379395.0 8
415631.0 805010.0 1
267264.0 153034.0 12
829969.0 699565.0 6
797162.0 306135.0 11
448231.0 384406.0 9
811031.0 703822.0 6
248683.0 383412.0 8
823113.0 733720.0 6
383197.0 409869.0 9
383894.0 179880.0 12
143732.0 279724.0 8
125005.0 540340.0 3
834602.0 213597.0 14
408182.0 408351.0 9
292193.0 125417.0 12
401616.0 404245.0 9
640432.0 837036.0 2
765283.0 249459.0 11
397213.0 377839.0 9
673196.0 812941.0 2
104489.0 542515.0 3
789448.0 738035.0 6
807401.0 314610.0 11
161475.0 587507.0 3
660327.0 585901.0 5
375619.0 553791.0 4
579922.0 379009.0 10
881571.0 532467.0 7
170155.0 343568.0 8
533577.0 355107.0 10
683048.0 937776.0 2
418623.0 404382.0 9
316820.0 150304.0 12
354094.0 424230.0 9
776131.0 248465.0 11
324055.0 590810.0 4
79285.0 554817.0 3
902302.0 514170.0 7
415534.0 110526.0 12
314552.0 151035.0 12
478442.0 125560.0 13
501111.0 157402.0 13
380458.0 329635.0 9
816955.0 747629.0 6
288675.0 919879.0 0
396583.0 82842.0 12
158713.0 379013.0 8
802646.0 317894.0 11
694897.0 834591.0 2
416110.0 374296.0 9
457033.0 127590.0 13
292872.0 896822.0 0
822293.0 786837.0 6
863859.0 546898.0 7
382693.0 749680.0 1
666315.0 872311.0 2
419485.0 804779.0 1
422776.0 808328.0 1
809623.0 734937.0 6
851216.0 516166.0 7
520809.0 176718.0 13
706906.0 885612.0 2
596796.0 529933.0 5
601339.0 571609.0 5
275459.0 190178.0 12
325344.0 159885.0 12
606558.0 458285.0 10
260943.0 889692.0 0
633601.0 861482.0 2
606548.0 574376.0 5
869960.0 562146.0 7
838367.0 536676.0 7
110479.0 594587.0 3
515450.0 173220.0 13
331795.0 529654.0 4
409814.0 836083.0 1
816054.0 733183.0 6
609532.0 388425.0 10
230107.0 858332.0 0
871723.0 685520.0 6
144228.0 344974.0 8
961951.0 577029.0 7
238492.0 833394.0 0
864185.0 161232.0 14
130201.0 562734.0 3
510496.0 174308.0 13
646671.0 857872.0 2
502915.0 183059.0 13
814045.0 332998.0 11
884326.0 479802.0 7
326251.0 549298.0 4
601212.0 370698.0 10
621241.0 368090.0 10
680646.0 375662.0 10
819670.0 183364.0 14
221994.0 575146.0 3
324121.0 96346.0 12
610199.0 394579.0 10
835804.0 710711.0 6
832054.0 751330.0 6
248427.0 146381.0 12
395246.0 392783.0 9
300021.0 159185.0 12
821079.0 800206.0 6
593840.0 578685.0 5
810467.0 706465.0 6
459556.0 818479.0 1
820675.0 168154.0 14
143592.0 606949.0 3
795322.0 311178.0 11
171986.0 429306.0 8
250394.0 847577.0 0
804251.0 331304.0 11
307616.0 207295.0 12
671325.0 856592.0 2
245678.0 821691.0 0
607084.0 595500.0 5
559809.0 162597.0 13
181227.0 347052.0 8
634661.0 446187.0 10
783110.0 289805.0 11
141991.0 539522.0 3
155274.0 552551.0 3
610263.0 574422.0 5
372883.0 222824.0 12
800913.0 749332.0 6
598671.0 854219.0 2
591831.0 438997.0 10
832010.0 554080.0 7
368166.0 429422.0 9
156041.0 295117.0 8
802254.0 320673.0 11
117959.0 536156.0 3
864059.0 545894.0 7
618405.0 842859.0 2
683156.0 877209.0 2
237750.0 837381.0 0
232043.0 177614.0 12
855074.0 542557.0 7
376557.0 109320.0 12
852410.0 187705.0 14
672068.0 874862.0 2
818079.0 108536.0 14
391163.0 811977.0 1
402227.0 414685.0 9
304086.0 576100.0 4
109317.0 531425.0 3
591484.0 571087.0 5
758172.0 608152.0 7
415136.0 446807.0 9
593601.0 445149.0 10
298979.0 774144.0 0
236431.0 844100.0 0
629725.0 405117.0 10
475944.0 189337.0 13
198892.0 322470.0 8
597017.0 575588.0 5
392660.0 395873.0 9
397918.0 462032.0 9
802738.0 312234.0 11
801482.0 327644.0 11
592924.0 393730.0 10
137657.0 611252.0 3
832490.0 450680.0 7
617447.0 366176.0 10
923120.0 170161.0 14
414036.0 742189.0 1
598628.0 425191.0 10
161273.0 347538.0 8
507092.0 175151.0 13
680677.0 868629.0 2
824594.0 741664.0 6
398498.0 776720.0 1
609344.0 448128.0 10
597173.0 575538.0 5
399077.0 403968.0 9
134261.0 519275.0 3
162600.0 392531.0 8
832372.0 600070.0 7
533212.0 366954.0 10
437035.0 755506.0 1
256073.0 917590.0 0
689948.0 850548.0 2
802089.0 313456.0 11
846256.0 154064.0 14
323747.0 163351.0 12
837312.0 572687.0 7
798007.0 723995.0 6
164046.0 346109.0 8
546166.0 423311.0 10
795254.0 296488.0 11
505384.0 174535.0 13
691716.0 873426.0 2
808710.0 330379.0 11
319829.0 168353.0 12
902529.0 162041.0 14
817119.0 336333.0 11
236274.0 861302.0 0
778965.0 282290.0 11
198712.0 303299.0 8
252845.0 181181.0 12
172882.0 571145.0 3
346079.0 220993.0 12
460628.0 434107.0 9
308489.0 145929.0 12
850775.0 162968.0 14
647354.0 579190.0 5
243951.0 865415.0 0
708262.0 945359.0 2
477901.0 173288.0 13
416433.0 786159.0 1
363857.0 784086.0 1
111476.0 358647.0 8
850219.0 110573.0 14
321910.0 573825.0 4
860106.0 157080.0 14
166323.0 352927.0 8
688098.0 908495.0 2
853554.0 158012.0 14
555904.0 640401.0 5
392728.0 411341.0 9
147664.0 559632.0 3
359831.0 554975.0 4
404288.0 349685.0 9
344482.0 215846.0 12
177665.0 557923.0 3
653181.0 886417.0 2
206519.0 355629.0 8
138461.0 558771.0 3
795205.0 316433.0 11
852918.0 552112.0 7
168805.0 351913.0 8
322936.0 368566.0 9
636291.0 360636.0 10
658103.0 572250.0 5
852503.0 146551.0 14
842719.0 506205.0 7
556780.0 409205.0 10
169876.0 340860.0 8
657981.0 866945.0 2
393758.0 439738.0 9
562356.0 383175.0 10
618600.0 551446.0 5
517750.0 199025.0 13
481133.0 781413.0 1
421187.0 779726.0 1
538228.0 168834.0 13
408224.0 399767.0 9
808644.0 326320.0 11
819256.0 201704.0 14
675902.0 853961.0 2
803839.0 310353.0 11
367806.0 123963.0 12
898916.0 630099.0 7
164915.0 350360.0 8
545240.0 221008.0 13
181803.0 799487.0 0
605535.0 925341.0 2
566524.0 179796.0 13
878519.0 606677.0 7
148510.0 579793.0 3
130249.0 579307.0 3
825997.0 730652.0 6
405902.0 394724.0 9
365927.0 571713.0 4
155228.0 357729.0 8
582015.0 546191.0 5
634800.0 823669.0 2
805977.0 320805.0 11
457554.0 795861.0 1
613545.0 574733.0 5
899052.0 526048.0 7
617310.0 551945.0 5
801526.0 705057.0 6
343018.0 239960.0 12
434440.0 822866.0 1
862571.0 550965.0 7
877906.0 722361.0 6
886773.0 509047.0 7
293864.0 241877.0 12
140047.0 540043.0 3
872237.0 555834.0 7
848783.0 748980.0 6
399291.0 386712.0 9
330335.0 568221.0 4
327403.0 548875.0 4
417447.0 782955.0 1
235022.0 911236.0 0
657094.0 857640.0 2
247939.0 831010.0 0
383052.0 89061.0 12
806827.0 324616.0 11
328331.0 541094.0 4
849537.0 157510.0 14
350480.0 214608.0 12
865489.0 548920.0 7
283571.0 109326.0 12
258779.0 106777.0 12
165573.0 305517.0 8
801997.0 319385.0 11
805237.0 318655.0 11
814280.0 344223.0 11
97430.0 598804.0 3
635690.0 608046.0 5
316313.0 570785.0 4
401407.0 759648.0 1
189102.0 333074.0 8
125351.0 529954.0 3
582777.0 542670.0 5
619637.0 395224.0 10
860387.0 157731.0 14
807696.0 320548.0 11
868736.0 179354.0 14
849343.0 713993.0 6
166654.0 350678.0 8
614877.0 402442.0 10
854979.0 539793.0 7
258416.0 835432.0 0
669697.0 859388.0 2
166973.0 341636.0 8
340693.0 569371.0 4
240846.0 841609.0 0
682699.0 851115.0 2
347638.0 429109.0 9
845120.0 549830.0 7
223550.0 323197.0 8
682481.0 879399.0 2
145758.0 562414.0 3
537211.0 376777.0 10
183583.0 787453.0 0
826192.0 577784.0 7
313609.0 860065.0 0
855177.0 626376.0 7
511484.0 160453.0 13
136059.0 558213.0 3
750459.0 800215.0 6
344314.0 595915.0 4
394846.0 407130.0 9
892382.0 513991.0 7
857319.0 543529.0 7
232784.0 169847.0 12
224225.0 376975.0 8
371464.0 328177.0 9
339115.0 566863.0 4
862334.0 747768.0 6
512733.0 174091.0 13
803464.0 329093.0 11
854338.0 135067.0 14
285865.0 167818.0 12
858819.0 544904.0 7
434581.0 123267.0 13
880545.0 506175.0 7
616737.0 397973.0 10
869167.0 105039.0 14
801609.0 320399.0 11
405986.0 787439.0 1
812634.0 554848.0 7
404220.0 785798.0 1
401730.0 354294.0 9
415895.0 775793.0 1
853279.0 560714.0 7
681608.0 436537.0 10
618406.0 404239.0 10
165356.0 570715.0 3
658590.0 886551.0 2
585255.0 415823.0 10
676220.0 858214.0 2
596891.0 579476.0 5
606809.0 572101.0 5
769876.0 257669.0 11
345123.0 577788.0 4
341559.0 562163.0 4
320972.0 170417.0 12
860259.0 545444.0 7
328851.0 147002.0 12
477746.0 163845.0 13
509522.0 174376.0 13
180519.0 368284.0 8
578113.0 395458.0 10
198908.0 372797.0 8
185071.0 362905.0 8
146072.0 288800.0 8
190241.0 329582.0 8
385561.0 718324.0 1
545699.0 174099.0 13
166560.0 559687.0 3
618676.0 377015.0 10
809453.0 736879.0 6
306326.0 164202.0 12
246468.0 838071.0 0
601444.0 572693.0 5
315830.0 102777.0 12
469422.0 822619.0 1
385338.0 440797.0 9
419721.0 789724.0 1
544056.0 577786.0 5
241005.0 825301.0 0
657450.0 365008.0 10
153903.0 353738.0 8
876503.0 659112.0 6
672212.0 860894.0 2
558307.0 203307.0 13
612485.0 518009.0 5
817441.0 709397.0 6
416926.0 785113.0 1
238524.0 842928.0 0
314666.0 849163.0 0
344552.0 554676.0 4
420319.0 794333.0 1
851462.0 526597.0 7
836951.0 546244.0 7
303637.0 570253.0 4
257984.0 555707.0 4
327608.0 177638.0 12
271205.0 817620.0 0
606415.0 581386.0 5
408689.0 562521.0 4
350056.0 566657.0 4
138965.0 558201.0 3
489182.0 773934.0 1
819843.0 570485.0 7
627452.0 835854.0 2
516888.0 152451.0 13
848413.0 183717.0 14
662898.0 884734.0 2
851568.0 114049.0 14
378563.0 789670.0 1
858278.0 544519.0 7
385183.0 556284.0 4
133744.0 308918.0 8
161154.0 538355.0 3
145251.0 553486.0 3
805080.0 323708.0 11
352381.0 592377.0 4
133795.0 360518.0 8
861656.0 545794.0 7
836225.0 709204.0 6
152861.0 407965.0 8
498730.0 183037.0 13
264427.0 188193.0 12
163796.0 345091.0 8
359772.0 568428.0 4
321216.0 569834.0 4
836739.0 162321.0 14
293591.0 522132.0 4
689363.0 817577.0 2
324442.0 567881.0 4
338342.0 566864.0 4
674521.0 861127.0 2
846575.0 159002.0 14
643965.0 366316.0 10
611044.0 571814.0 5
165653.0 317602.0 8
411471.0 446824.0 9
520763.0 250478.0 13
667639.0 571164.0 5
378274.0 816341.0 1
385804.0 393101.0 9
507741.0 178883.0 13
188480.0 870646.0 0
605891.0 428146.0 10
343651.0 438750.0 9
519113.0 194925.0 13
243511.0 830743.0 0
825080.0 746712.0 6
588597.0 622592.0 5
358384.0 556361.0 4
567188.0 560044.0 5
207804.0 354938.0 8
707100.0 601463.0 5
604415.0 571400.0 5
130883.0 557824.0 3
465599.0 383470.0 9
820707.0 705318.0 6
292931.0 125341.0 12
336549.0 565597.0 4
241849.0 815141.0 0
387631.0 749416.0 1
604554.0 393193.0 10
893991.0 544467.0 7
538571.0 654649.0 5
168067.0 340249.0 8
392046.0 391220.0 9
418618.0 811618.0 1
411053.0 432808.0 9
216846.0 737568.0 0
258201.0 153095.0 12
823618.0 734216.0 6
685785.0 409913.0 10
568824.0 570203.0 5
854463.0 159977.0 14
605407.0 427914.0 10
673646.0 857346.0 2
445199.0 763833.0 1
858418.0 546935.0 7
202175.0 495076.0 3
657879.0 857942.0 2
806320.0 315242.0 11
895680.0 609341.0 7
322209.0 547247.0 4
801323.0 316240.0 11
519962.0 175210.0 13
673242.0 886958.0 2
473361.0 185066.0 13
456025.0 389630.0 9
671235.0 856653.0 2
339993.0 544064.0 4
335328.0 562880.0 4
846011.0 160034.0 14
131874.0 552586.0 3
837019.0 215527.0 14
517580.0 170329.0 13
353583.0 554147.0 4
327738.0 559624.0 4
614615.0 574437.0 5
460371.0 780609.0 1
202011.0 337353.0 8
814553.0 164190.0 14
129997.0 568115.0 3
437958.0 784801.0 1
803369.0 698753.0 6
629377.0 853726.0 2
334016.0 562797.0 4
843572.0 784897.0 6
208941.0 860169.0 0
825429.0 732758.0 6
870337.0 534303.0 7
179189.0 536028.0 3
177241.0 292639.0 8
850538.0 160159.0 14
898736.0 548642.0 7
204854.0 810013.0 0
292402.0 184441.0 12
146183.0 622188.0 3
621560.0 397789.0 10
197367.0 535989.0 3
826228.0 376658.0 11
505128.0 175022.0 13
228517.0 837056.0 0
345042.0 566973.0 4
441950.0 785934.0 1
519003.0 160741.0 13
713579.0 879202.0 2
592620.0 446156.0 10
282957.0 179982.0 12
228928.0 855040.0 0
244966.0 841126.0 0
650157.0 402991.0 10
408500.0 393942.0 9
129030.0 588495.0 3
371498.0 393120.0 9
779936.0 774397.0 6
369249.0 797068.0 1
675551.0 956849.0 2
473649.0 178184.0 13
175586.0 365049.0 8
879805.0 547494.0 7
619415.0 397644.0 10
579712.0 568354.0 5
509951.0 176794.0 13
602013.0 574722.0 5
855045.0 547633.0 7
407694.0 718592.0 1
340712.0 563178.0 4
324337.0 162686.0 12
219686.0 859997.0 0
846772.0 509036.0 7
797594.0 302109.0 11
408147.0 436628.0 9
151701.0 574146.0 3
800865.0 312968.0 11
801093.0 317509.0 11
244618.0 845420.0 0
601187.0 531825.0 5
164354.0 347671.0 8
504243.0 237336.0 13
165881.0 364469.0 8
241485.0 523039.0 4
805372.0 313397.0 11
141861.0 328909.0 8
822843.0 763117.0 6
414512.0 793966.0 1
844536.0 424646.0 11
311093.0 169734.0 12
635242.0 356290.0 10
158550.0 354818.0 8
617319.0 374666.0 10
607911.0 576556.0 5
915504.0 527751.0 7
518068.0 137556.0 13
618446.0 372298.0 10
206219.0 604081.0 3
334529.0 166765.0 12
417795.0 405673.0 9
168886.0 353913.0 8
541790.0 172616.0 13
620685.0 880813.0 2
376176.0 795539.0 1
846646.0 548548.0 7
855593.0 161003.0 14
299460.0 144708.0 12
820757.0 738235.0 6
819250.0 517655.0 7
142886.0 556511.0 3
238748.0 551038.0 3
787336.0 144875.0 14
153738.0 360530.0 8
629891.0 414975.0 10
860230.0 528054.0 7
246470.0 842932.0 0
353145.0 580916.0 4
169966.0 368623.0 8
147663.0 555514.0 3
149269.0 341445.0 8
860986.0 140320.0 14
822883.0 728314.0 6
164847.0 287064.0 8
201567.0 881003.0 0
228032.0 893055.0 0
414562.0 787355.0 1
602167.0 543919.0 5
800479.0 321640.0 11
830159.0 134329.0 14
429515.0 393708.0 9
651506.0 856097.0 2
135849.0 550612.0 3
501416.0 172980.0 13
189499.0 356601.0 8
240221.0 843932.0 0
650720.0 817440.0 2
799903.0 784535.0 6
123905.0 508486.0 3
853874.0 560250.0 7
198493.0 326704.0 8
867533.0 542290.0 7
851644.0 721350.0 6
196795.0 190277.0 12
129550.0 560106.0 3
908409.0 591215.0 7
198197.0 344933.0 8
248570.0 843156.0 0
790712.0 745884.0 6
828001.0 524067.0 7
144242.0 557674.0 3
382419.0 110392.0 12
379593.0 380662.0 9
424782.0 449687.0 9
718257.0 857481.0 2
396621.0 381952.0 9
327927.0 168535.0 12
605650.0 447537.0 10
158664.0 310765.0 8
696257.0 894819.0 2
259173.0 548593.0 4
159428.0 300364.0 8
347492.0 153416.0 12
498389.0 178069.0 13
249857.0 844975.0 0
932662.0 537069.0 7
850176.0 127908.0 14
888892.0 702505.0 6
391976.0 789416.0 1
851919.0 127963.0 14
230149.0 886583.0 0
839121.0 736259.0 6
839088.0 528460.0 7
847276.0 121785.0 14
352910.0 145624.0 12
321775.0 164846.0 12
800037.0 317963.0 11
559078.0 570088.0 5
879309.0 561548.0 7
648590.0 917839.0 2
180506.0 330980.0 8
352209.0 548608.0 4
616054.0 371666.0 10
798056.0 714380.0 6
562777.0 437516.0 10
839514.0 728923.0 6
366688.0 562413.0 4
155479.0 345893.0 8
803932.0 318781.0 11
804013.0 316083.0 11
396548.0 784388.0 1
605927.0 572533.0 5
416359.0 786189.0 1
350428.0 392503.0 9
506612.0 858859.0 1
245468.0 859425.0 0
140121.0 346875.0 8
231263.0 863308.0 0
241166.0 845204.0 0
432184.0 395118.0 9
688118.0 911574.0 2
337002.0 589527.0 4
675633.0 863416.0 2
534702.0 244239.0 13
607604.0 573951.0 5
149906.0 546909.0 3
672800.0 874378.0 2
508989.0 168995.0 13
812295.0 728049.0 6
134422.0 544300.0 3
847097.0 176660.0 14
257856.0 846423.0 0
630205.0 338054.0 10
386373.0 606623.0 4
341966.0 561987.0 4
499272.0 168413.0 13
405117.0 364266.0 9
859419.0 546754.0 7
514876.0 182995.0 13
925732.0 210388.0 14
334549.0 579199.0 4
359036.0 365793.0 9
694451.0 863981.0 2
118137.0 579149.0 3
67867.0 545392.0 3
621964.0 409409.0 10
829482.0 475863.0 7
359740.0 379592.0 9
198583.0 860431.0 0
397735.0 448097.0 9
356865.0 545785.0 4
509383.0 167302.0 13
617399.0 392653.0 10
326043.0 553772.0 4
144306.0 328086.0 8
601599.0 388540.0 10
198415.0 321418.0 8
242087.0 844255.0 0
130657.0 555545.0 3
156430.0 615117.0 3
107965.0 535173.0 3
811061.0 333595.0 11
865030.0 541150.0 7
817777.0 724927.0 6
347522.0 587567.0 4
491442.0 116195.0 13
342066.0 119083.0 12
202053.0 322650.0 8
177858.0 352255.0 8
224676.0 859348.0 0
672628.0 882986.0 2
325883.0 560492.0 4
833504.0 744564.0 6
545957.0 196749.0 13
97216.0 564094.0 3
849547.0 738979.0 6
613840.0 534167.0 5
850453.0 155432.0 14
676360.0 866112.0 2
640000.0 863831.0 2
77875.0 516899.0 3
578878.0 420108.0 10
803370.0 318247.0 11
877510.0 555087.0 7
513181.0 177419.0 13
514428.0 222503.0 13
803277.0 319525.0 11
297212.0 546223.0 4
406184.0 394506.0 9
137967.0 354539.0 8
218369.0 851387.0 0
256082.0 831969.0 0
533551.0 582247.0 5
148915.0 338914.0 8
895565.0 501871.0 7
295375.0 861990.0 0
825404.0 733788.0 6
600039.0 557139.0 5
559076.0 190770.0 13
833716.0 758772.0 6
820367.0 732364.0 6
156474.0 570384.0 3
593061.0 579188.0 5
158283.0 570550.0 3
404359.0 783919.0 1
276792.0 141848.0 12
394606.0 401451.0 9
507832.0 181513.0 13
580048.0 565009.0 5
125675.0 360158.0 8
420489.0 448078.0 9
664159.0 550946.0 5
844234.0 153197.0 14
621726.0 578003.0 5
183478.0 851724.0 0
798612.0 326404.0 11
718088.0 852181.0 2
246753.0 175170.0 12
597802.0 576113.0 5
860384.0 555572.0 7
409417.0 758123.0 1
236749.0 813868.0 0
624369.0 532153.0 5
335476.0 183897.0 12
422917.0 781112.0 1
500225.0 177559.0 13
433463.0 410297.0 9
298214.0 820903.0 0
646816.0 829778.0 2
412388.0 784064.0 1
497454.0 172375.0 13
226949.0 889283.0 0
829379.0 718721.0 6
221706.0 875060.0 0
166290.0 521714.0 3
826192.0 172906.0 14
821906.0 732848.0 6
704065.0 832648.0 2
658735.0 399039.0 10
641902.0 755287.0 2
136232.0 576477.0 3
159271.0 568953.0 3
679054.0 898217.0 2
806192.0 337849.0 11
308555.0 134011.0 12
603126.0 497987.0 5
694308.0 904062.0 2
169337.0 348605.0 8
484407.0 809641.0 1
623498.0 399288.0 10
687078.0 791051.0 2
844617.0 499013.0 7
870801.0 476330.0 7
612648.0 772280.0 2
413894.0 564459.0 4
394274.0 837428.0 1
927170.0 250593.0 14
409616.0 575024.0 4
842576.0 153072.0 14
883567.0 161769.0 14
801910.0 325434.0 11
174878.0 362329.0 8
722404.0 952207.0 2
325118.0 556212.0 4
138525.0 534268.0 3
797947.0 319734.0 11
363956.0 609339.0 4
881217.0 172320.0 14
347406.0 155708.0 12
824560.0 133679.0 14
796916.0 323332.0 11
490037.0 164357.0 13
690968.0 555952.0 5
819768.0 346596.0 11
115905.0 560139.0 3
840357.0 169437.0 14
344364.0 213940.0 12
260922.0 785987.0 0
777811.0 751059.0 6
398795.0 472619.0 9
708244.0 871834.0 2
535453.0 200970.0 13
672544.0 859978.0 2
418636.0 440000.0 9
293978.0 197091.0 12
397851.0 400846.0 9
925485.0 596955.0 7
324488.0 180658.0 12
355924.0 577596.0 4
409142.0 811927.0 1
333942.0 143344.0 12
538994.0 179328.0 13
388806.0 569524.0 4
484678.0 123623.0 13
400473.0 408327.0 9
180633.0 570302.0 3
403522.0 785432.0 1
134134.0 842630.0 0
512051.0 145220.0 13
473799.0 795167.0 1
620975.0 564344.0 5
220884.0 916718.0 0
604737.0 574591.0 5
803470.0 319069.0 11
799197.0 314215.0 11
401162.0 412142.0 9
872506.0 157517.0 14
835831.0 555864.0 7
802237.0 318526.0 11
156977.0 424622.0 8
183026.0 545377.0 3
825716.0 373098.0 11
801810.0 728106.0 6
400008.0 789447.0 1
836081.0 178429.0 14
819439.0 735945.0 6
373360.0 784232.0 1
353939.0 570931.0 4
844627.0 556401.0 7
212009.0 864463.0 0
789356.0 159383.0 14
236740.0 853169.0 0
695646.0 652231.0 5
364844.0 571623.0 4
801662.0 318423.0 11
377230.0 790154.0 1
222704.0 824909.0 0
257788.0 880587.0 0
596481.0 567449.0 5
247613.0 815836.0 0
683697.0 581516.0 5
863706.0 491401.0 7
237689.0 839510.0 0
662293.0 872590.0 2
843911.0 730036.0 6
236207.0 886769.0 0
726847.0 875488.0 2
178235.0 346006.0 8
781260.0 737962.0 6
683098.0 847245.0 2
401330.0 395538.0 9
409167.0 449719.0 9
869369.0 536868.0 7
641840.0 886745.0 2
368864.0 411216.0 9
163766.0 859386.0 0
410601.0 410653.0 9
679237.0 862389.0 2
302582.0 134124.0 12
879221.0 655497.0 6
300366.0 565761.0 4
612392.0 916853.0 2
312386.0 555195.0 4
179326.0 321160.0 8
735295.0 814058.0 2
411090.0 435389.0 9
593398.0 559764.0 5
868979.0 528502.0 7
161780.0 324523.0 8
713088.0 880834.0 2
844086.0 531300.0 7
798308.0 312788.0 11
523779.0 163905.0 13
407626.0 771304.0 1
195151.0 317753.0 8
225356.0 318394.0 8
807446.0 342555.0 11
605876.0 550640.0 5
824822.0 367091.0 11
393828.0 404314.0 9
331987.0 568997.0 4
850478.0 566230.0 7
227582.0 856861.0 0
324093.0 580491.0 4
430167.0 811490.0 1
490956.0 124550.0 13
354132.0 161850.0 12
491145.0 206344.0 13
586242.0 396484.0 10
141113.0 351050.0 8
512900.0 219252.0 13
860375.0 544804.0 7
333934.0 537464.0 4
798983.0 325682.0 11
317217.0 163896.0 12
867801.0 548156.0 7
360165.0 553303.0 4
850533.0 160136.0 14
827711.0 732798.0 6
642607.0 374702.0 10
242519.0 845811.0 0
400902.0 772920.0 1
797415.0 319840.0 11
658281.0 582264.0 5
222727.0 770963.0 0
802814.0 320130.0 11
179793.0 483378.0 3
393659.0 439272.0 9
253899.0 862843.0 0
634004.0 895206.0 2
474368.0 812039.0 1
162124.0 500069.0 3
330533.0 214555.0 12
794615.0 305632.0 11
617444.0 397675.0 10
688487.0 383589.0 10
434717.0 808225.0 1
360143.0 155270.0 12
849248.0 164090.0 14
619318.0 361696.0 10
202627.0 179376.0 12
888697.0 143969.0 14
139978.0 587153.0 3
406739.0 400918.0 9
154162.0 536416.0 3
676962.0 897430.0 2
830658.0 368694.0 11
699668.0 863774.0 2
292932.0 558293.0 4
625728.0 579460.0 5
206561.0 574789.0 3
176433.0 350561.0 8
845802.0 172285.0 14
841292.0 155620.0 14
442979.0 803024.0 1
121786.0 564225.0 3
682510.0 905902.0 2
592714.0 553958.0 5
700340.0 335010.0 11
413946.0 786971.0 1
850787.0 125678.0 14
495995.0 160032.0 13
603445.0 630598.0 5
182050.0 424341.0 8
139903.0 592241.0 3
873532.0 712802.0 6
855603.0 542414.0 7
680228.0 843225.0 2
137516.0 556818.0 3
179240.0 577011.0 3
185696.0 338006.0 8
803457.0 735855.0 6
149758.0 564768.0 3
426625.0 475977.0 9
621989.0 394856.0 10
604678.0 574577.0 5
800152.0 576217.0 7
166799.0 318482.0 8
338347.0 337961.0 9
124132.0 340448.0 8
402677.0 412615.0 9
887780.0 536497.0 7
678856.0 850293.0 2
182435.0 365508.0 8
783116.0 265635.0 11
633304.0 366062.0 10
149092.0 352682.0 8
881109.0 152198.0 14
798523.0 324500.0 11
151099.0 518008.0 3
98675.0 580608.0 3
64979.0 538104.0 3
825541.0 151495.0 14
889743.0 560547.0 7
133094.0 557996.0 3
684558.0 878573.0 2
828194.0 742074.0 6
683321.0 873932.0 2
854374.0 550707.0 7
672818.0 881943.0 2
856349.0 158150.0 14
820258.0 351165.0 11
125756.0 579609.0 3
558478.0 213316.0 13
482628.0 171320.0 13
860154.0 113364.0 14
801183.0 316191.0 11
125840.0 520239.0 3
241475.0 850889.0 0
410506.0 395586.0 9
292492.0 99170.0 12
76052.0 360840.0 8
383032.0 788008.0 1
803202.0 549001.0 7
608195.0 447380.0 10
602335.0 433298.0 10
303269.0 531608.0 4
803540.0 754792.0 6
141924.0 558399.0 3
585207.0 336451.0 10
341446.0 538787.0 4
310944.0 559497.0 4
184798.0 392233.0 8
340032.0 561740.0 4
335742.0 196692.0 12
844400.0 150812.0 14
585195.0 555011.0 5
801903.0 312794.0 11
492551.0 434649.0 9
864053.0 139325.0 14
613868.0 585089.0 5
861631.0 169376.0 14
553118.0 165472.0 13
598634.0 619900.0 5
535787.0 199735.0 13
399693.0 395271.0 9
176490.0 344679.0 8
486870.0 146947.0 13
869288.0 168662.0 14
132497.0 593125.0 3
496476.0 140337.0 13
211266.0 534538.0 3
219864.0 842635.0 0
270729.0 67329.0 12
623137.0 408209.0 10
412028.0 773494.0 1
600032.0 575310.0 5
499262.0 398424.0 9
256949.0 820470.0 0
153181.0 277968.0 8
397669.0 792218.0 1
160280.0 493497.0 3
463768.0 793154.0 1
710910.0 464586.0 10
284077.0 905181.0 0
516963.0 174184.0 13
151374.0 538387.0 3
822616.0 735941.0 6
168149.0 345638.0 8
658734.0 883214.0 2
587453.0 401098.0 10
620818.0 396967.0 10
822156.0 732296.0 6
309501.0 166931.0 12
842281.0 175525.0 14
874877.0 535143.0 7
669713.0 851017.0 2
797569.0 321799.0 11
794260.0 129843.0 14
753254.0 840123.0 2
348191.0 165419.0 12
773023.0 251826.0 11
595215.0 391491.0 10
878749.0 188759.0 14
101553.0 517715.0 3
680757.0 826912.0 2
228095.0 843338.0 0
628696.0 542447.0 5
331212.0 162496.0 12
357014.0 148222.0 12
571669.0 873544.0 2
400538.0 407020.0 9
247855.0 794626.0 0
856167.0 542249.0 7
691600.0 397893.0 10
241473.0 860854.0 0
238084.0 844799.0 0
146821.0 297434.0 8
861563.0 661642.0 6
496130.0 178113.0 13
693997.0 774817.0 2
634383.0 422065.0 10
378347.0 144880.0 12
389510.0 370897.0 9
241413.0 845029.0 0
452570.0 848127.0 1
830583.0 710990.0 6
842616.0 515205.0 7
392258.0 405478.0 9
193502.0 557364.0 3
841967.0 150890.0 14
802674.0 727804.0 6
203667.0 577260.0 3
291782.0 159562.0 12
661357.0 801817.0 2
672797.0 843231.0 2
663945.0 828490.0 2
302353.0 545544.0 4
576158.0 210283.0 13
156003.0 502860.0 3
857818.0 534525.0 7
630706.0 388370.0 10
833437.0 556713.0 7
283570.0 563726.0 4
307300.0 836132.0 0
159472.0 372246.0 8
403004.0 613466.0 4
321182.0 150806.0 12
467144.0 147308.0 13
264798.0 767716.0 0
348773.0 583528.0 4
419520.0 778231.0 1
396150.0 430329.0 9
407814.0 765816.0 1
817252.0 730254.0 6
325360.0 134919.0 12
810502.0 336169.0 11
808062.0 337340.0 11
239344.0 814789.0 0
359352.0 162962.0 12
855656.0 162100.0 14
234604.0 822462.0 0
653745.0 809028.0 2
280274.0 182662.0 12
796953.0 726378.0 6
185966.0 359964.0 8
332562.0 174699.0 12
257134.0 845851.0 0
629247.0 364078.0 10
378697.0 591764.0 4
906640.0 587296.0 7
865489.0 161762.0 14
334350.0 556417.0 4
170616.0 352610.0 8
179830.0 547383.0 3
296164.0 96874.0 12
385257.0 791581.0 1
326627.0 534442.0 4
499676.0 196897.0 13
715956.0 900724.0 2
225916.0 843329.0 0
245144.0 845719.0 0
502877.0 192740.0 13
395210.0 357805.0 9
578509.0 923881.0 2
668567.0 856554.0 2
407460.0 791404.0 1
316395.0 537403.0 4
401396.0 125431.0 12
841762.0 777572.0 6
357737.0 597104.0 4
405325.0 407466.0 9
862925.0 243856.0 14
511868.0 170991.0 13
849599.0 157084.0 14
824624.0 381716.0 11
650661.0 861267.0 2
311328.0 159477.0 12
617689.0 397001.0 10
800966.0 317165.0 11
167262.0 399527.0 8
829529.0 375007.0 11
914183.0 620056.0 7
326959.0 154655.0 12
661430.0 603567.0 5
481841.0 209337.0 13
894785.0 440382.0 7
391530.0 398743.0 9
818119.0 348676.0 11
843891.0 721571.0 6
226433.0 837646.0 0
105193.0 596017.0 3
394599.0 409068.0 9
682315.0 843851.0 2
102460.0 533057.0 3
872247.0 494281.0 7
645464.0 660478.0 5
636871.0 929410.0 2
846720.0 162060.0 14
607665.0 447516.0 10
603193.0 371867.0 10
80673.0 566893.0 3
127202.0 525948.0 3
248779.0 111087.0 12
647968.0 877873.0 2
516128.0 178722.0 13
144620.0 575370.0 3
179811.0 342089.0 8
416750.0 435776.0 9
340064.0 550509.0 4
94061.0 576129.0 3
418410.0 795929.0 1
326152.0 563230.0 4
883434.0 581923.0 7
654937.0 781879.0 2
293201.0 192871.0 12
862002.0 534006.0 7
379388.0 567285.0 4
294492.0 832336.0 0
525670.0 184762.0 13
608309.0 377530.0 10
849118.0 571562.0 7
428667.0 451233.0 9
623989.0 368662.0 10
264627.0 808661.0 0
624599.0 417673.0 10
233284.0 860085.0 0
414249.0 796590.0 1
197849.0 575524.0 3
308726.0 371721.0 9
320400.0 160020.0 12
850925.0 157811.0 14
260930.0 184935.0 12
878859.0 540155.0 7
863042.0 557890.0 7
506815.0 173387.0 13
852423.0 159874.0 14
609091.0 437020.0 10
616044.0 533807.0 5
629000.0 417990.0 10
788776.0 582930.0 7
113068.0 317574.0 8
595193.0 576508.0 5
877835.0 151890.0 14
878258.0 158631.0 14
860151.0 543055.0 7
399020.0 404042.0 9
417023.0 771194.0 1
388743.0 388465.0 9
338950.0 572545.0 4
848628.0 503773.0 7
813645.0 328765.0 11
883231.0 232031.0 14
662177.0 420431.0 10
210102.0 333312.0 8
880833.0 537039.0 7
924289.0 171369.0 14
828276.0 762021.0 6
610505.0 851476.0 2
160835.0 347784.0 8
817776.0 525600.0 7
345903.0 561314.0 4
240028.0 849354.0 0
280110.0 522025.0 4
370775.0 144355.0 12
566666.0 195255.0 13
146120.0 576624.0 3
175781.0 341039.0 8
392428.0 402295.0 9
856561.0 128799.0 14
521032.0 177084.0 13
687325.0 883004.0 2
318681.0 528806.0 4
318192.0 170844.0 12
401240.0 354085.0 9
122360.0 357480.0 8
809182.0 319115.0 11
94933.0 588147.0 3
374797.0 407601.0 9
398980.0 407667.0 9
811913.0 325091.0 11
857846.0 153281.0 14
153326.0 558408.0 3
873636.0 510687.0 7
871780.0 158486.0 14
837307.0 548214.0 7
161387.0 343617.0 8
164453.0 544085.0 3
352520.0 566829.0 4
395817.0 788858.0 1
601369.0 411415.0 10
419200.0 403389.0 9
368200.0 364844.0 9
558817.0 576255.0 5
840886.0 397888.0 11
782642.0 275308.0 11
225786.0 529417.0 3
122755.0 434879.0 8
235084.0 818866.0 0
788220.0 301915.0 11
188992.0 563992.0 3
813092.0 739043.0 6
480787.0 147737.0 13
347575.0 565576.0 4
831779.0 577161.0 7
396556.0 406492.0 9
314519.0 146787.0 12
139847.0 552015.0 3
836450.0 151205.0 14
219049.0 825171.0 0
355168.0 114823.0 12
873672.0 734440.0 6
805884.0 549492.0 7
159191.0 309314.0 8
388479.0 343648.0 9
462658.0 75167.0 13
355499.0 224982.0 12
277860.0 111893.0 12
535564.0 177248.0 13
808153.0 737136.0 6
371779.0 814715.0 1
375573.0 809249.0 1
826465.0 646980.0 6
240171.0 843940.0 0
598657.0 442558.0 10
822474.0 780882.0 6
188985.0 367645.0 8
206660.0 575002.0 3
250921.0 819639.0 0
414290.0 393146.0 9
410610.0 765111.0 1
294053.0 878220.0 0
820238.0 732928.0 6
334354.0 578047.0 4
159654.0 381778.0 8
457561.0 788245.0 1
186536.0 330019.0 8
308748.0 199866.0 12
242415.0 844335.0 0
407504.0 803363.0 1
825596.0 639465.0 6
801204.0 755177.0 6
645233.0 927201.0 2
396081.0 396707.0 9
709254.0 847444.0 2
672668.0 861428.0 2
619924.0 406713.0 10
659280.0 845579.0 2
390538.0 157197.0 12
832798.0 734777.0 6
851280.0 156049.0 14
407833.0 402474.0 9
640210.0 902029.0 2
875640.0 561262.0 7
669178.0 866011.0 2
615934.0 426539.0 10
217686.0 296514.0 8
323329.0 93955.0 12
348815.0 150017.0 12
883537.0 210648.0 14
677983.0 890077.0 2
319208.0 164182.0 12
608768.0 610525.0 5
313783.0 177198.0 12
178319.0 318244.0 8
854654.0 549222.0 7
320210.0 191459.0 12
887556.0 531797.0 7
338633.0 563504.0 4
143226.0 522375.0 3
336829.0 562228.0 4
864667.0 143614.0 14
448865.0 836781.0 1
384225.0 784381.0 1
587466.0 564953.0 5
332307.0 189590.0 12
599612.0 859210.0 2
536623.0 213083.0 13
322365.0 530808.0 4
798243.0 324160.0 11
198517.0 325721.0 8
395168.0 404189.0 9
839094.0 159543.0 14
138449.0 555969.0 3
341329.0 565571.0 4
521152.0 152439.0 13
824835.0 704997.0 6
338717.0 181582.0 12
625709.0 660145.0 5
341578.0 558672.0 4
390282.0 789593.0 1
589164.0 386733.0 10
791355.0 529644.0 7
145867.0 363616.0 8
839339.0 726322.0 6
459328.0 805961.0 1
858537.0 548576.0 7
377975.0 461076.0 9
349296.0 557688.0 4
433100.0 134861.0 13
601900.0 569391.0 5
202913.0 525966.0 3
723173.0 872525.0 2
603388.0 403039.0 10
410418.0 409414.0 9
611318.0 581584.0 5
814379.0 132655.0 14
245602.0 857160.0 0
187314.0 815820.0 0
139460.0 557260.0 3
647103.0 573853.0 5
130582.0 565948.0 3
350964.0 149159.0 12
265430.0 151883.0 12
541435.0 206637.0 13
430243.0 781020.0 1
345692.0 788190.0 1
408745.0 824896.0 1
294310.0 563522.0 4
832589.0 782799.0 6
817640.0 730018.0 6
795200.0 786424.0 6
585175.0 574133.0 5
862785.0 579661.0 7
840299.0 118907.0 14
234837.0 151054.0 12
791470.0 751113.0 6
695092.0 820091.0 2
825141.0 535997.0 7
618449.0 404599.0 10
856991.0 546255.0 7
359796.0 165920.0 12
321309.0 569996.0 4
819580.0 545900.0 7
183236.0 338163.0 8
783491.0 288029.0 11
841045.0 738224.0 6
264175.0 824349.0 0
289423.0 559134.0 4
489378.0 172861.0 13
597418.0 538362.0 5
436034.0 385951.0 9
361159.0 436327.0 9
351459.0 565704.0 4
187324.0 377187.0 8
55359.0 623076.0 3
148749.0 359845.0 8
841843.0 503359.0 7
274505.0 864723.0 0
676767.0 832479.0 2
333669.0 542228.0 4
688712.0 568754.0 5
511106.0 122518.0 13
277027.0 536847.0 4
500589.0 181466.0 13
837582.0 763266.0 6
688015.0 533535.0 5
857620.0 709386.0 6
302359.0 534317.0 4
336023.0 416862.0 9
250003.0 859517.0 0
878184.0 487392.0 7
480128.0 785580.0 1
619239.0 400025.0 10
207218.0 589497.0 3
511118.0 175212.0 13
209264.0 836661.0 0
224852.0 934148.0 0
178264.0 330827.0 8
608182.0 416637.0 10
637332.0 414017.0 10
862569.0 719773.0 6
427388.0 815258.0 1
768565.0 762193.0 6
840270.0 725456.0 6
679211.0 886670.0 2
362027.0 150348.0 12
321905.0 573147.0 4
435085.0 791564.0 1
824098.0 714042.0 6
873742.0 448214.0 7
360319.0 778673.0 1
333901.0 532836.0 4
716590.0 874975.0 2
93459.0 514032.0 3
174371.0 864697.0 0
256120.0 141529.0 12
140164.0 531093.0 3
738190.0 371970.0 11
470922.0 770669.0 1
331366.0 567311.0 4
854095.0 158510.0 14
842824.0 177832.0 14
637323.0 549567.0 5
604546.0 847329.0 2
367922.0 415238.0 9
411721.0 717873.0 1
514934.0 219169.0 13
817410.0 346944.0 11
246453.0 883061.0 0
143117.0 345163.0 8
184412.0 537050.0 3
838515.0 768484.0 6
522869.0 176818.0 13
895723.0 126593.0 14
424228.0 442208.0 9
593887.0 210595.0 13
168274.0 374689.0 8
416763.0 96639.0 12
811694.0 188374.0 14
599215.0 391457.0 10
588964.0 597435.0 5
387461.0 394402.0 9
515856.0 148316.0 13
119237.0 591137.0 3
666636.0 858686.0 2
605911.0 379990.0 10
591955.0 378142.0 10
838764.0 652792.0 6
472917.0 830363.0 1
169069.0 348929.0 8
430747.0 776261.0 1
653325.0 396810.0 10
616281.0 845406.0 2
804251.0 329956.0 11
377858.0 811790.0 1
857231.0 551055.0 7
371616.0 570648.0 4
509773.0 148899.0 13
615649.0 429323.0 10
334182.0 558498.0 4
425991.0 787029.0 1
577773.0 434308.0 10
185661.0 404482.0 8
825605.0 167750.0 14
142575.0 517378.0 3
101427.0 615890.0 3
804038.0 306622.0 11
669690.0 842110.0 2
571692.0 449353.0 10
654147.0 407182.0 10
327022.0 161396.0 12
225991.0 869734.0 0
222356.0 840843.0 0
348263.0 386451.0 9
865081.0 551012.0 7
497255.0 188783.0 13
397747.0 792207.0 1
821464.0 700760.0 6
474135.0 199330.0 13
682420.0 846881.0 2
291228.0 101272.0 12
474652.0 193224.0 13
850451.0 764015.0 6
623004.0 508050.0 5
369227.0 397853.0 9
906382.0 534459.0 7
259973.0 862559.0 0
671444.0 860206.0 2
154412.0 310120.0 8
626334.0 852383.0 2
805462.0 317833.0 11
937823.0 540173.0 7
111174.0 539350.0 3
874643.0 729921.0 6
839493.0 521150.0 7
446537.0 828924.0 1
510901.0 175806.0 13
407576.0 434017.0 9
693362.0 837786.0 2
710082.0 881600.0 2
683027.0 876064.0 2
657811.0 885904.0 2
656658.0 854609.0 2
605073.0 372055.0 10
425260.0 773661.0 1
591051.0 389443.0 10
296627.0 93375.0 12
310591.0 841778.0 0
506142.0 170513.0 13
636769.0 854047.0 2
215976.0 836025.0 0
594029.0 586701.0 5
693265.0 388552.0 10
460616.0 174810.0 13
157691.0 334886.0 8
397399.0 403186.0 9
500474.0 169746.0 13
210499.0 526471.0 3
336991.0 217448.0 12
829240.0 591428.0 7
508551.0 174306.0 13
821151.0 366545.0 11
168443.0 367928.0 8
625919.0 402984.0 10
813791.0 334609.0 11
418149.0 790096.0 1
879722.0 550246.0 7
166840.0 562425.0 3
636807.0 424537.0 10
313649.0 523765.0 4
490271.0 216725.0 13
514722.0 190943.0 13
838808.0 524944.0 7
688076.0 833905.0 2
685821.0 816579.0 2
371563.0 547746.0 4
344915.0 702496.0 1
431117.0 394746.0 9
848770.0 111076.0 14
872241.0 556733.0 7
674961.0 865594.0 2
837880.0 444574.0 7
874791.0 559085.0 7
807409.0 325526.0 11
29760.0 557873.0 3
673140.0 864863.0 2
365567.0 547606.0 4
832651.0 373469.0 11
132705.0 557674.0 3
327973.0 534972.0 4
854909.0 149938.0 14
801931.0 317202.0 11
557378.0 567033.0 5
509223.0 177592.0 13
189029.0 366740.0 8
837676.0 148639.0 14
589900.0 217899.0 13
340970.0 564831.0 4
113259.0 568684.0 3
677769.0 841641.0 2
172020.0 342883.0 8
759789.0 229116.0 11
807017.0 330432.0 11
871689.0 155981.0 14
277512.0 151920.0 12
520782.0 134308.0 13
665828.0 868934.0 2
232246.0 844226.0 0
513957.0 139202.0 13
664025.0 801796.0 2
610722.0 418243.0 10
609286.0 586782.0 5
163477.0 561507.0 3
321620.0 169950.0 12
342501.0 336320.0 9
626843.0 367696.0 10
611581.0 572630.0 5
241138.0 844374.0 0
674463.0 862486.0 2
423311.0 813081.0 1
806567.0 140259.0 14
777978.0 252419.0 11
695010.0 449565.0 10
286663.0 846902.0 0
804474.0 747122.0 6
342099.0 561508.0 4
606933.0 576409.0 5
206687.0 342276.0 8
629998.0 877765.0 2
177246.0 571940.0 3
916082.0 517633.0 7
155508.0 372355.0 8
232331.0 872896.0 0
394708.0 739061.0 1
363075.0 162238.0 12
801456.0 320080.0 11
340545.0 568654.0 4
163091.0 350167.0 8
809552.0 342258.0 11
269126.0 508814.0 4
857309.0 139276.0 14
787988.0 741203.0 6
603145.0 574795.0 5
289176.0 571435.0 4
483807.0 198925.0 13
402666.0 814060.0 1
383044.0 180418.0 12
412109.0 735920.0 1
550086.0 442382.0 10
870214.0 556246.0 7
808069.0 134402.0 14
889142.0 154467.0 14
894268.0 532597.0 7
807072.0 687932.0 6
310041.0 533285.0 4
795836.0 291870.0 11
396517.0 394572.0 9
244260.0 847060.0 0
306346.0 523584.0 4
287966.0 150135.0 12
784151.0 283760.0 11
394159.0 411676.0 9
507445.0 193647.0 13
601390.0 453925.0 10
505044.0 180646.0 13
444816.0 409502.0 9
830620.0 117906.0 14
261819.0 863523.0 0
838587.0 700545.0 6
674496.0 870664.0 2
778867.0 140736.0 14
370602.0 353215.0 9
574369.0 207483.0 13
603472.0 894573.0 2
188909.0 341194.0 8
473514.0 788780.0 1
168284.0 309036.0 8
383821.0 808301.0 1
291561.0 845450.0 0
806888.0 492319.0 7
671269.0 590258.0 5
422198.0 724557.0 1
616561.0 619007.0 5
487952.0 168607.0 13
515348.0 184750.0 13
590500.0 418472.0 10
220869.0 407358.0 8
559877.0 401053.0 10
520759.0 184923.0 13
417231.0 381303.0 9
834293.0 161575.0 14
297110.0 556485.0 4
605310.0 394011.0 10
857972.0 160214.0 14
331862.0 169092.0 12
224288.0 931476.0 0
418086.0 394699.0 9
851517.0 541076.0 7
565829.0 395454.0 10
416039.0 730594.0 1
850607.0 565348.0 7
603698.0 573585.0 5
424023.0 737453.0 1
144705.0 375936.0 8
329002.0 727685.0 1
561574.0 621747.0 5
811748.0 766105.0 6
417515.0 787648.0 1
638783.0 399478.0 10
601885.0 573083.0 5
774526.0 757135.0 6
875410.0 128878.0 14
187854.0 354777.0 8
833661.0 389733.0 11
247210.0 859012.0 0
693783.0 860206.0 2
343247.0 564376.0 4
619475.0 400592.0 10
762269.0 792243.0 6
615094.0 383077.0 10
304376.0 222294.0 12
351352.0 362910.0 9
312421.0 170617.0 12
270899.0 175377.0 12
275288.0 212315.0 12
660103.0 414557.0 10
391439.0 399819.0 9
205466.0 778884.0 0
591851.0 569051.0 5
256316.0 818886.0 0
803386.0 318982.0 11
599766.0 409755.0 10
850057.0 157848.0 14
236495.0 861569.0 0
862189.0 735684.0 6
656477.0 573007.0 5
238260.0 882489.0 0
291723.0 177824.0 12
418199.0 851439.0 1
408283.0 806161.0 1
619445.0 567491.0 5
600117.0 539079.0 5
801174.0 320442.0 11
615239.0 317684.0 10
331440.0 551885.0 4
332032.0 157725.0 12
353749.0 391896.0 9
780153.0 136449.0 14
838223.0 766380.0 6
76661.0 531044.0 3
261896.0 897475.0 0
651828.0 468138.0 10
837718.0 761480.0 6
700341.0 869730.0 2
407565.0 766203.0 1
350117.0 535859.0 4
368724.0 598412.0 4
849126.0 121710.0 14
523329.0 404632.0 10
189752.0 865463.0 0
373191.0 88470.0 12
823974.0 725025.0 6
639613.0 388524.0 10
749941.0 916922.0 2
568570.0 579335.0 5
554938.0 347875.0 10
821908.0 732077.0 6
94571.0 528963.0 3
606289.0 670243.0 5
502002.0 166223.0 13
147599.0 513563.0 3
297731.0 175876.0 12
167330.0 332452.0 8
629004.0 392271.0 10
146681.0 562995.0 3
357253.0 388075.0 9
558770.0 390646.0 10
683580.0 872374.0 2
790738.0 308028.0 11
368363.0 409733.0 9
895127.0 152283.0 14
182854.0 534283.0 3
689725.0 465685.0 10
802431.0 322048.0 11
400660.0 404811.0 9
881106.0 105566.0 14
665697.0 929571.0 2
139212.0 557713.0 3
416019.0 787562.0 1
488330.0 173837.0 13
152584.0 564548.0 3
353991.0 193997.0 12
325767.0 164095.0 12
731712.0 878998.0 2
500192.0 192292.0 13
233105.0 591646.0 3
521006.0 163218.0 13
619295.0 397643.0 10
802482.0 335269.0 11
804190.0 320706.0 11
839974.0 154358.0 14
165657.0 338722.0 8
891699.0 170415.0 14
339732.0 163158.0 12
363932.0 228249.0 12
484395.0 107291.0 13
875248.0 462524.0 7
216209.0 437830.0 8
563763.0 559454.0 5
620240.0 397022.0 10
38179.0 532155.0 3
228611.0 836717.0 0
169121.0 347594.0 8
800816.0 176612.0 14
442915.0 420573.0 9
508144.0 167733.0 13
261120.0 804153.0 0
178005.0 594957.0 3
523036.0 123677.0 13
549147.0 171454.0 13
469782.0 780552.0 1
497211.0 174121.0 13
374117.0 546122.0 4
551798.0 221411.0 13
429472.0 860855.0 1
68388.0 574380.0 3
868493.0 677155.0 6
900360.0 153622.0 14
252199.0 828023.0 0
560393.0 389490.0 10
467535.0 416014.0 9
318707.0 160697.0 12
393570.0 579641.0 4
403852.0 792473.0 1
342064.0 570045.0 4
214966.0 358837.0 8
593317.0 534085.0 5
517882.0 175467.0 13
665048.0 854911.0 2
322140.0 165212.0 12
664156.0 846474.0 2
19835.0 570290.0 3
133580.0 348602.0 8
187894.0 871219.0 0
662830.0 420955.0 10
608529.0 586311.0 5
373894.0 555347.0 4
397791.0 444527.0 9
601967.0 604428.0 5
667249.0 417107.0 10
605100.0 573307.0 5
281732.0 221764.0 12
865084.0 713697.0 6
248210.0 886338.0 0
256216.0 903741.0 0
846622.0 553552.0 7
333805.0 148479.0 12
416893.0 347737.0 9
275524.0 559548.0 4
485968.0 123023.0 13
392424.0 375266.0 9
396276.0 785999.0 1
112184.0 530469.0 3
491614.0 778997.0 1
186503.0 369651.0 8
683585.0 905984.0 2
683252.0 858182.0 2
850911.0 157772.0 14
311065.0 219934.0 12
516085.0 195504.0 13
167716.0 562762.0 3
125715.0 302114.0 8
861033.0 507671.0 7
383022.0 409854.0 9
474641.0 81263.0 13
625784.0 441883.0 10
137347.0 622867.0 3
799275.0 324108.0 11
584938.0 344365.0 10
268518.0 181514.0 12
823108.0 733302.0 6
829398.0 724900.0 6
407334.0 445969.0 9
789388.0 712210.0 6
242443.0 851797.0 0
424375.0 721868.0 1
476144.0 772131.0 1
129453.0 321221.0 8
140101.0 341028.0 8
383992.0 398245.0 9
823959.0 737866.0 6
789833.0 304422.0 11
376660.0 815936.0 1
613037.0 419086.0 10
358652.0 186358.0 12
433989.0 765343.0 1
776000.0 780347.0 6
595411.0 413706.0 10
893106.0 176595.0 14
371052.0 147369.0 12
366654.0 802105.0 1
325871.0 558965.0 4
626371.0 349696.0 10
508080.0 175697.0 13
410969.0 770451.0 1
160206.0 303063.0 8
347630.0 120931.0 12
422943.0 804253.0 1
306298.0 551902.0 4
165689.0 356983.0 8
633894.0 404424.0 10
525967.0 565687.0 5
610980.0 522819.0 5
800390.0 309948.0 11
794265.0 594573.0 7
308966.0 523409.0 4
412500.0 594675.0 4
673332.0 857517.0 2
494317.0 170837.0 13
346942.0 152780.0 12
497582.0 190801.0 13
864265.0 549505.0 7
445043.0 152257.0 13
380236.0 460907.0 9
697011.0 856357.0 2
673267.0 883727.0 2
714443.0 433876.0 10
268926.0 813783.0 0
405350.0 762342.0 1
158201.0 315944.0 8
141993.0 331189.0 8
841353.0 125628.0 14
339640.0 561426.0 4
353979.0 578923.0 4
432052.0 613723.0 4
496006.0 191010.0 13
675382.0 836312.0 2
789583.0 287700.0 11
247484.0 846372.0 0
345069.0 165968.0 12
696601.0 603624.0 5
180493.0 319750.0 8
382720.0 263255.0 12
657184.0 855509.0 2
913686.0 576892.0 7
562704.0 570596.0 5
818542.0 740451.0 6
424720.0 768456.0 1
330482.0 571217.0 4
848137.0 87922.0 14
605250.0 573272.0 5
803377.0 319212.0 11
801493.0 322249.0 11
842907.0 133992.0 14
551291.0 576721.0 5
213208.0 833959.0 0
310693.0 154278.0 12
821259.0 750089.0 6
158750.0 312102.0 8
245118.0 811283.0 0
680261.0 863401.0 2
213558.0 873714.0 0
613536.0 395801.0 10
664325.0 877878.0 2
323905.0 168029.0 12
514219.0 167014.0 13
546031.0 570429.0 5
399997.0 411205.0 9
814108.0 344096.0 11
670519.0 870010.0 2
386415.0 801444.0 1
306357.0 123397.0 12
638823.0 411764.0 10
105945.0 528795.0 3
172690.0 847721.0 0
857328.0 143692.0 14
483776.0 213021.0 13
445674.0 768552.0 1
117874.0 389929.0 8
641976.0 577433.0 5
437568.0 794323.0 1
344237.0 573700.0 4
456821.0 105575.0 13
707894.0 904500.0 2
417494.0 392231.0 9
315013.0 318367.0 9
288954.0 846991.0 0
840020.0 568424.0 7
512716.0 181316.0 13
884966.0 133900.0 14
166597.0 572855.0 3
321262.0 178491.0 12
885828.0 586348.0 7
805035.0 317469.0 11
798472.0 322218.0 11
289531.0 145743.0 12
397688.0 762902.0 1
176506.0 351827.0 8
794956.0 309980.0 11
140876.0 334435.0 8
282430.0 560217.0 4
170022.0 347877.0 8
320000.0 162605.0 12
477155.0 161019.0 13
780927.0 285057.0 11
134695.0 350397.0 8
107972.0 601191.0 3
836647.0 167267.0 14
817135.0 349925.0 11
690195.0 475150.0 10
317331.0 556086.0 4
497254.0 171940.0 13
882403.0 534710.0 7
542311.0 161882.0 13
257841.0 193878.0 12
131109.0 568012.0 3
588100.0 557588.0 5
669366.0 869654.0 2
137451.0 555339.0 3
318738.0 182134.0 12
854342.0 541611.0 7
614943.0 540976.0 5
799912.0 323363.0 11
589862.0 418742.0 10
141718.0 549576.0 3
511368.0 173673.0 13
855983.0 534803.0 7
905005.0 164126.0 14
804691.0 332987.0 11
474527.0 107596.0 13
244743.0 830888.0 0
297183.0 841456.0 0
377720.0 727349.0 1
597421.0 554767.0 5
240308.0 844341.0 0
329029.0 204399.0 12
400055.0 131725.0 12
850959.0 157920.0 14
672565.0 564468.0 5
864721.0 548447.0 7
383878.0 376230.0 9
373917.0 427628.0 9
324966.0 170021.0 12
863102.0 545783.0 7
353333.0 113156.0 12
900955.0 185733.0 14
203254.0 362605.0 8
165607.0 362883.0 8
658034.0 897179.0 2
618053.0 357534.0 10
435067.0 403802.0 9
632125.0 541413.0 5
191099.0 341570.0 8
512560.0 224816.0 13
415521.0 368125.0 9
606324.0 544357.0 5
784838.0 771499.0 6
803874.0 675499.0 6
225846.0 874086.0 0
330750.0 561657.0 4
813868.0 188928.0 14
398724.0 404179.0 9
674151.0 853540.0 2
619332.0 401992.0 10
239495.0 163949.0 12
802184.0 751958.0 6
649987.0 408293.0 10
812152.0 689907.0 6
600582.0 599535.0 5
809259.0 345634.0 11
645677.0 814395.0 2
176602.0 574552.0 3
343717.0 559909.0 4
813173.0 354777.0 11
245928.0 867228.0 0
451753.0 383440.0 9
332586.0 566187.0 4
545365.0 210090.0 13
659166.0 861665.0 2
175766.0 380534.0 8
663168.0 859429.0 2
820194.0 734233.0 6
864040.0 538985.0 7
376444.0 371957.0 9
656957.0 871011.0 2
372424.0 413163.0 9
871981.0 649086.0 6
784164.0 285702.0 11
900991.0 497149.0 7
337889.0 558031.0 4
864374.0 150149.0 14
631633.0 337973.0 10
613719.0 382828.0 10
278326.0 829095.0 0
589994.0 610890.0 5
757421.0 774445.0 6
861868.0 549168.0 7
804979.0 334141.0 11
434080.0 785264.0 1
219779.0 330969.0 8
325861.0 203058.0 12
411796.0 581307.0 4
416444.0 783624.0 1
257472.0 849587.0 0
551740.0 588768.0 5
304556.0 568584.0 4
793684.0 312065.0 11
609219.0 362804.0 10
451853.0 420873.0 9
638966.0 486628.0 5
844662.0 654835.0 6
172885.0 352621.0 8
211360.0 279794.0 8
314791.0 163370.0 12
403751.0 385539.0 9
821428.0 153468.0 14
386436.0 791388.0 1
797313.0 317527.0 11
472054.0 129986.0 13
341966.0 586266.0 4
680579.0 836946.0 2
169502.0 411323.0 8
784291.0 581417.0 7
446307.0 796523.0 1
420083.0 787815.0 1
586097.0 567445.0 5
345495.0 579864.0 4
829790.0 205695.0 14
369366.0 561201.0 4
775555.0 719683.0 6
849751.0 167033.0 14
348893.0 195430.0 12
592804.0 584539.0 5
632060.0 367800.0 10
551867.0 170425.0 13
854922.0 159650.0 14
576987.0 392508.0 10
186914.0 361706.0 8
620330.0 396776.0 10
828297.0 715480.0 6
138199.0 541774.0 3
822425.0 727248.0 6
824475.0 518063.0 7
429220.0 787348.0 1
353941.0 399967.0 9
874544.0 686096.0 6
846731.0 162515.0 14
794640.0 313497.0 11
108512.0 525986.0 3
679799.0 858680.0 2
244799.0 841688.0 0
333937.0 51121.0 12
384467.0 407359.0 9
371685.0 151612.0 12
876408.0 183646.0 14
247997.0 878582.0 0
588933.0 366439.0 10
622407.0 583192.0 5
847644.0 164348.0 14
629978.0 400626.0 10
494000.0 189403.0 13
149054.0 556986.0 3
167653.0 352074.0 8
375971.0 427549.0 9
871544.0 144135.0 14
308616.0 811021.0 0
588952.0 437524.0 10
285152.0 520229.0 4
367079.0 183232.0 12
400468.0 405703.0 9
620955.0 389692.0 10
828005.0 145089.0 14
801782.0 318281.0 11
332284.0 194186.0 12
130157.0 581286.0 3
859177.0 143273.0 14
505400.0 160422.0 13
814561.0 575281.0 7
413549.0 408517.0 9
628655.0 321099.0 10
378824.0 430343.0 9
649412.0 856993.0 2
245740.0 814541.0 0
321517.0 569562.0 4
862759.0 157988.0 14
250359.0 849451.0 0
142000.0 554964.0 3
818756.0 743887.0 6
658403.0 611332.0 5
593865.0 572987.0 5
136301.0 569544.0 3
185919.0 363092.0 8
814317.0 333112.0 11
496658.0 816784.0 1
513362.0 223841.0 13
419700.0 793447.0 1
581240.0 362971.0 10
368617.0 554066.0 4
363437.0 77975.0 12
350283.0 559840.0 4
652233.0 886054.0 2
848563.0 117708.0 14
818251.0 731938.0 6
482568.0 159010.0 13
675858.0 410545.0 10
678606.0 878004.0 2
883062.0 547498.0 7
473933.0 191767.0 13
399717.0 403257.0 9
486034.0 196122.0 13
528826.0 154067.0 13
601644.0 436831.0 10
850577.0 157049.0 14
211265.0 396792.0 8
467697.0 168082.0 13
409823.0 412908.0 9
627968.0 574625.0 5
800845.0 311838.0 11
859492.0 572224.0 7
650120.0 324477.0 10
229280.0 813483.0 0
256487.0 868899.0 0
186380.0 363938.0 8
245023.0 849247.0 0
509554.0 186931.0 13
400548.0 402390.0 9
804119.0 328544.0 11
265815.0 540385.0 4
334983.0 572690.0 4
834173.0 386159.0 11
426689.0 788562.0 1
589112.0 536573.0 5
167845.0 341409.0 8
572417.0 403906.0 10
736557.0 897961.0 2
310824.0 144943.0 12
312123.0 419763.0 9
800316.0 311699.0 11
486891.0 175164.0 13
848108.0 161786.0 14
549945.0 372313.0 10
425019.0 759577.0 1
424476.0 781552.0 1
122986.0 334382.0 8
353335.0 592567.0 4
418963.0 746595.0 1
402710.0 424367.0 9
344096.0 575522.0 4
420792.0 430901.0 9
354746.0 552404.0 4
639997.0 865965.0 2
325958.0 573367.0 4
533799.0 564377.0 5
489062.0 200329.0 13
140128.0 325904.0 8
801441.0 323812.0 11
864494.0 136669.0 14
670957.0 810768.0 2
718544.0 888401.0 2
169994.0 409806.0 8
186361.0 351075.0 8
626811.0 372435.0 10
845798.0 213118.0 14
868442.0 160118.0 14
613191.0 571942.0 5
336336.0 563145.0 4
594010.0 570095.0 5
801145.0 317601.0 11
327734.0 163585.0 12
155943.0 576199.0 3
115781.0 594942.0 3
704574.0 866263.0 2
810253.0 323873.0 11
360703.0 150999.0 12
514981.0 172608.0 13
322841.0 169735.0 12
823913.0 369439.0 11
765502.0 240340.0 11
589244.0 573777.0 5
851840.0 110475.0 14
846257.0 145306.0 14
612184.0 570393.0 5
454160.0 102568.0 13
344710.0 213543.0 12
209553.0 326461.0 8
267478.0 894783.0 0
246182.0 840370.0 0
373943.0 376926.0 9
398153.0 407081.0 9
297022.0 574097.0 4
840335.0 164912.0 14
838328.0 185708.0 14
387103.0 401925.0 9
282603.0 846165.0 0
346144.0 560472.0 4
518675.0 175686.0 13
803448.0 314797.0 11
258528.0 856273.0 0
639502.0 371440.0 10
832621.0 150748.0 14
507786.0 199578.0 13
797242.0 324588.0 11
187858.0 381077.0 8
293350.0 175997.0 12
801511.0 761094.0 6
512291.0 169608.0 13
679747.0 860939.0 2
192564.0 547558.0 3
846371.0 578530.0 7
520880.0 200955.0 13
400727.0 396769.0 9
424190.0 780052.0 1
799326.0 106384.0 14
887896.0 558572.0 7
680381.0 823757.0 2
668482.0 358452.0 10
335201.0 585318.0 4
828038.0 149181.0 14
848151.0 741869.0 6
198294.0 552987.0 3
869991.0 705259.0 6
854818.0 554389.0 7
873474.0 159567.0 14
319927.0 524637.0 4
442826.0 795974.0 1
332270.0 556288.0 4
422419.0 754048.0 1
398311.0 383357.0 9
192885.0 887667.0 0
267662.0 127175.0 12
227138.0 824372.0 0
174064.0 357989.0 8
846324.0 557586.0 7
832886.0 781206.0 6
338860.0 561151.0 4
815298.0 167390.0 14
862425.0 741010.0 6
321050.0 422497.0 9
656834.0 885944.0 2
414374.0 439977.0 9
376493.0 366302.0 9
517495.0 186329.0 13
870936.0 575427.0 7
153583.0 352282.0 8
142899.0 329415.0 8
139601.0 914203.0 0
691827.0 863963.0 2
840100.0 728839.0 6
705929.0 851313.0 2
830065.0 739162.0 6
805391.0 732659.0 6
828179.0 155649.0 14
163956.0 833732.0 0
436648.0 859634.0 1
627912.0 593892.0 5
363304.0 553764.0 4
546632.0 599204.0 5
852037.0 649724.0 6
697161.0 840318.0 2
848290.0 143184.0 14
524397.0 239456.0 13
264293.0 890923.0 0
801177.0 737548.0 6
306042.0 66361.0 12
770113.0 241615.0 11
142252.0 329183.0 8
890223.0 556874.0 7
608601.0 418450.0 10
408428.0 771823.0 1
287127.0 192494.0 12
504373.0 165819.0 13
820350.0 748217.0 6
653177.0 819935.0 2
397331.0 407010.0 9
621278.0 888326.0 2
417091.0 792545.0 1
338588.0 543875.0 4
399858.0 403574.0 9
165886.0 348709.0 8
621537.0 390372.0 10
285258.0 848668.0 0
261633.0 773355.0 0
384922.0 582877.0 4
850790.0 525740.0 7
473316.0 162622.0 13
245254.0 907991.0 0
870139.0 566584.0 7
839445.0 149778.0 14
341137.0 78287.0 12
365058.0 545456.0 4
812231.0 739235.0 6
620213.0 574468.0 5
611875.0 422910.0 10
571043.0 347389.0 10
659297.0 373975.0 10
358312.0 559466.0 4
238328.0 770068.0 0
210497.0 359835.0 8
623248.0 399928.0 10
402309.0 786873.0 1
156984.0 430950.0 8
441415.0 780207.0 1
357466.0 354094.0 9
526802.0 551524.0 5
452791.0 156805.0 13
358562.0 112650.0 12
338474.0 563350.0 4
324516.0 522674.0 4
240213.0 118409.0 12
417197.0 778243.0 1
174438.0 319075.0 8
131523.0 568207.0 3
276635.0 875623.0 0
333378.0 557892.0 4
407188.0 396576.0 9
366478.0 594677.0 4
658219.0 436184.0 10
862679.0 188399.0 14
865113.0 161302.0 14
327695.0 543105.0 4
869471.0 745767.0 6
367641.0 556309.0 4
108651.0 521409.0 3
873136.0 513309.0 7
602873.0 527864.0 5
389520.0 406500.0 9
344380.0 183817.0 12
671404.0 857240.0 2
800258.0 733812.0 6
402660.0 406054.0 9
415417.0 785827.0 1
790932.0 305223.0 11
396903.0 591235.0 4
176144.0 353300.0 8
402031.0 426039.0 9
401708.0 409924.0 9
801166.0 322298.0 11
667131.0 849230.0 2
836874.0 555991.0 7
854996.0 81095.0 14
411488.0 837715.0 1
216061.0 848623.0 0
653592.0 959882.0 2
402081.0 407514.0 9
271093.0 861412.0 0
412386.0 777312.0 1
348847.0 425164.0 9
629369.0 398359.0 10
139237.0 548782.0 3
860473.0 545982.0 7
125902.0 318850.0 8
529858.0 213114.0 13
604973.0 574773.0 5
58190.0 608304.0 3
652745.0 406585.0 10
617755.0 401065.0 10
338474.0 564151.0 4
692386.0 863386.0 2
74519.0 527539.0 3
823987.0 687499.0 6
412861.0 434751.0 9
328425.0 159826.0 12
680592.0 858526.0 2
656156.0 868643.0 2
413241.0 771595.0 1
573925.0 449341.0 10
888919.0 535805.0 7
505584.0 176135.0 13
321556.0 163352.0 12
797834.0 297329.0 11
868025.0 569296.0 7
399634.0 751940.0 1
185561.0 342784.0 8
824013.0 753991.0 6
841289.0 701474.0 6
827802.0 189078.0 14
613921.0 394043.0 10
722463.0 882675.0 2
437116.0 148591.0 13
509804.0 175714.0 13
130440.0 562623.0 3
160222.0 380591.0 8
687717.0 379483.0 10
310529.0 141617.0 12
505225.0 158750.0 13
800582.0 316980.0 11
261093.0 844962.0 0
682304.0 876841.0 2
528679.0 199079.0 13
624310.0 398408.0 10
136580.0 553967.0 3
540196.0 180312.0 13
147911.0 328024.0 8
361138.0 551307.0 4
810460.0 735109.0 6
519680.0 208378.0 13
895245.0 150977.0 14
775604.0 274485.0 11
378648.0 579579.0 4
607269.0 536961.0 5
674931.0 870112.0 2
338205.0 566246.0 4
435926.0 408504.0 9
401313.0 405195.0 9
193275.0 538687.0 3
377408.0 395123.0 9
546565.0 151576.0 13
645563.0 819480.0 2
319283.0 158983.0 12
461701.0 188438.0 13
603849.0 572396.0 5
617330.0 369828.0 10
504511.0 149234.0 13
276703.0 559740.0 4
111855.0 531542.0 3
309684.0 150076.0 12
611315.0 560757.0 5
405569.0 411933.0 9
597077.0 568196.0 5
832154.0 559403.0 7
456566.0 743012.0 1
672387.0 800443.0 2
838146.0 159541.0 14
700098.0 894685.0 2
181463.0 326571.0 8
819058.0 729125.0 6
603285.0 449307.0 10
875160.0 698897.0 6
130805.0 354417.0 8
519421.0 154681.0 13
142668.0 544976.0 3
499637.0 194036.0 13
855233.0 141357.0 14
315146.0 160782.0 12
312275.0 145173.0 12
599808.0 596484.0 5
168036.0 807011.0 0
491792.0 214464.0 13
617296.0 386864.0 10
846594.0 522941.0 7
577728.0 587566.0 5
404157.0 406324.0 9
144570.0 573936.0 3
617717.0 613939.0 5
879500.0 590791.0 7
402566.0 415798.0 9
157181.0 346842.0 8
429586.0 775621.0 1
520819.0 181586.0 13
373339.0 398565.0 9
803603.0 327255.0 11
511289.0 183247.0 13
253703.0 834676.0 0
850965.0 156224.0 14
663578.0 586265.0 5
224789.0 866804.0 0
610676.0 449688.0 10
808779.0 732990.0 6
537836.0 177165.0 13
424241.0 452915.0 9
163925.0 576666.0 3
757470.0 224976.0 11
341016.0 545280.0 4
343450.0 570659.0 4
344770.0 570309.0 4
343119.0 382074.0 9
265246.0 889333.0 0
822103.0 732911.0 6
859213.0 538040.0 7
390182.0 360941.0 9
849858.0 524682.0 7
159496.0 331641.0 8
572029.0 518313.0 5
829747.0 530312.0 7
615032.0 402225.0 10
669748.0 863109.0 2
849501.0 552769.0 7
104862.0 608089.0 3
370252.0 347498.0 9
411171.0 426853.0 9
170688.0 343596.0 8
468907.0 448885.0 9
315488.0 160339.0 12
394761.0 461494.0 9
611508.0 503220.0 5
673514.0 390760.0 10
641031.0 593074.0 5
791199.0 164843.0 14
137098.0 384889.0 8
793669.0 724513.0 6
696808.0 866039.0 2
331381.0 162660.0 12
597428.0 569940.0 5
854886.0 769396.0 6
123441.0 594415.0 3
257926.0 936947.0 0
840375.0 155757.0 14
844357.0 163402.0 14
547270.0 403384.0 10
347966.0 563506.0 4
800655.0 320227.0 11
611357.0 393577.0 10
674311.0 859933.0 2
598053.0 438963.0 10
246047.0 846189.0 0
793019.0 764859.0 6
620939.0 385731.0 10
686324.0 364237.0 10
404782.0 557913.0 4
606929.0 571420.0 5
398478.0 822297.0 1
491382.0 122267.0 13
216543.0 842952.0 0
478361.0 409520.0 9
858516.0 151301.0 14
508597.0 173640.0 13
866139.0 717138.0 6
690018.0 819280.0 2
188424.0 849785.0 0
494574.0 198972.0 13
867993.0 162841.0 14
152331.0 529689.0 3
608687.0 374928.0 10
610698.0 396326.0 10
879104.0 595389.0 7
411526.0 784658.0 1
678869.0 902492.0 2
401923.0 417123.0 9
239505.0 885057.0 0
659191.0 459637.0 10
412541.0 806622.0 1
813436.0 360446.0 11
154964.0 554923.0 3
337298.0 565486.0 4
341675.0 560197.0 4
649034.0 528813.0 5
675357.0 870850.0 2
247892.0 115217.0 12
866973.0 550375.0 7
840863.0 737972.0 6
367864.0 442851.0 9
149760.0 577278.0 3
330145.0 546705.0 4
351564.0 573155.0 4
142563.0 560090.0 3
453261.0 148432.0 13
800272.0 316170.0 11
815652.0 733433.0 6
798059.0 316113.0 11
281971.0 825246.0 0
361370.0 552483.0 4
809779.0 663654.0 6
679242.0 853941.0 2
382124.0 786262.0 1
497815.0 165151.0 13
361227.0 221878.0 12
893145.0 551400.0 7
296775.0 572432.0 4
442260.0 754050.0 1
333787.0 189423.0 12
872781.0 154295.0 14
813239.0 139752.0 14
669427.0 846395.0 2
136418.0 562926.0 3
370259.0 585265.0 4
773292.0 531652.0 7
396540.0 815936.0 1
683656.0 842406.0 2
816615.0 770855.0 6
468350.0 395883.0 9
352429.0 359750.0 9
253655.0 821946.0 0
880958.0 588608.0 7
410019.0 732704.0 1
116860.0 550810.0 3
751215.0 828365.0 2
616040.0 330855.0 10
567861.0 856582.0 2
415495.0 116126.0 12
602667.0 575857.0 5
769656.0 721159.0 6
387756.0 435588.0 9
391776.0 409868.0 9
866560.0 165110.0 14
575440.0 568511.0 5
567428.0 580005.0 5
274495.0 182470.0 12
642843.0 909185.0 2
345234.0 188822.0 12
299821.0 866288.0 0
387330.0 409037.0 9
857648.0 511640.0 7
803405.0 317316.0 11
160165.0 362858.0 8
213775.0 841758.0 0
375353.0 117180.0 12
611579.0 407670.0 10
315850.0 573154.0 4
511030.0 221292.0 13
819438.0 662327.0 6
338583.0 563529.0 4
99569.0 523174.0 3
632952.0 385722.0 10
878696.0 530134.0 7
810903.0 332925.0 11
182239.0 333302.0 8
150404.0 539885.0 3
804871.0 317801.0 11
574989.0 407228.0 10
138349.0 554238.0 3
352424.0 557574.0 4
318266.0 171979.0 12
357813.0 572855.0 4
228711.0 848090.0 0
173908.0 362098.0 8
655201.0 411873.0 10
613682.0 399434.0 10
644301.0 925034.0 2
350798.0 535657.0 4
325279.0 168587.0 12
274070.0 798617.0 0
671919.0 571761.0 5
803031.0 325811.0 11
334785.0 565575.0 4
544539.0 180391.0 13
87236.0 607429.0 3
507862.0 172954.0 13
221122.0 832810.0 0
134725.0 537440.0 3
183516.0 374212.0 8
841130.0 529745.0 7
666135.0 430421.0 10
884613.0 507507.0 7
322101.0 164171.0 12
801667.0 318542.0 11
529409.0 157228.0 13
831024.0 505776.0 7
377588.0 402670.0 9
626586.0 415166.0 10
219498.0 851932.0 0
251958.0 886571.0 0
822670.0 689090.0 6
879902.0 518647.0 7
875625.0 599766.0 7
870247.0 121460.0 14
844729.0 682981.0 6
155625.0 262321.0 8
812869.0 346251.0 11
126702.0 351222.0 8
668772.0 858570.0 2
563315.0 215613.0 13
373684.0 418326.0 9
677896.0 867053.0 2
648429.0 422590.0 10
138734.0 557713.0 3
594112.0 399331.0 10
369480.0 377148.0 9
788005.0 292268.0 11
631446.0 561156.0 5
868317.0 177001.0 14
549384.0 208450.0 13
529931.0 180136.0 13
107124.0 325984.0 8
268938.0 211870.0 12
414448.0 429790.0 9
200005.0 825237.0 0
800461.0 326821.0 11
495032.0 203929.0 13
685551.0 798742.0 2
314479.0 178821.0 12
311516.0 94189.0 12
369044.0 371649.0 9
842903.0 567914.0 7
186082.0 330058.0 8
839757.0 190518.0 14
829229.0 143653.0 14
575116.0 345564.0 10
251866.0 864044.0 0
400305.0 466024.0 9
165104.0 543395.0 3
621629.0 397208.0 10
812942.0 85345.0 14
625579.0 551084.0 5
128953.0 304971.0 8
113099.0 546732.0 3
419151.0 577335.0 4
520878.0 209094.0 13
347039.0 195468.0 12
137787.0 566189.0 3
660459.0 860658.0 2
158871.0 312380.0 8
417146.0 822655.0 1
135284.0 555664.0 3
604157.0 574191.0 5
804702.0 315881.0 11
402891.0 801910.0 1
866044.0 584750.0 7
179463.0 361279.0 8
446368.0 763341.0 1
244257.0 776516.0 0
869087.0 153957.0 14
219321.0 848396.0 0
657985.0 453405.0 10
270404.0 183080.0 12
159253.0 343477.0 8
796786.0 724615.0 6
327204.0 152871.0 12
687638.0 439257.0 10
860520.0 544023.0 7
142516.0 559062.0 3
624415.0 515911.0 5
396710.0 378698.0 9
470314.0 178936.0 13
469656.0 153741.0 13
667713.0 847241.0 2
684568.0 380640.0 10
406233.0 813072.0 1
243941.0 843256.0 0
606738.0 601356.0 5
174410.0 372064.0 8
847292.0 559228.0 7
404420.0 577532.0 4
304399.0 545221.0 4
597620.0 586226.0 5
174656.0 393278.0 8
814605.0 354382.0 11
822224.0 742716.0 6
253890.0 807676.0 0
411674.0 402377.0 9
429653.0 438596.0 9
674134.0 908464.0 2
582176.0 630383.0 5
912649.0 498734.0 7
636628.0 533309.0 5
803796.0 314893.0 11
109090.0 326101.0 8
333883.0 276840.0 12
172879.0 347028.0 8
141699.0 530028.0 3
627727.0 578737.0 5
267212.0 158699.0 12
856437.0 532452.0 7
846841.0 533595.0 7
318823.0 565345.0 4
139474.0 569485.0 3
220931.0 876605.0 0
117212.0 565692.0 3
395274.0 786698.0 1
201907.0 516078.0 3
415672.0 787824.0 1
852687.0 540692.0 7
269483.0 848608.0 0
420476.0 750495.0 1
295311.0 115000.0 12
796609.0 319691.0 11
157138.0 565993.0 3
340966.0 420480.0 9
339482.0 151261.0 12
377758.0 413906.0 9
649088.0 575733.0 5
424089.0 352640.0 9
848976.0 558706.0 7
367398.0 701756.0 1
495388.0 156422.0 13
814732.0 734183.0 6
895835.0 123485.0 14
910435.0 171155.0 14
850153.0 155701.0 14
439793.0 740773.0 1
836727.0 737798.0 6
246729.0 879602.0 0
31842.0 565765.0 3
228715.0 837572.0 0
861966.0 562885.0 7
791722.0 162000.0 14
514408.0 173338.0 13
400545.0 404212.0 9
198251.0 335402.0 8
825515.0 738284.0 6
877422.0 134877.0 14
831165.0 783383.0 6
288068.0 561932.0 4
820327.0 352701.0 11
804332.0 319006.0 11
814249.0 488483.0 7
865020.0 550686.0 7
566609.0 537592.0 5
144502.0 345417.0 8
651576.0 865180.0 2
504755.0 150226.0 13
172842.0 351663.0 8
248276.0 844455.0 0
469139.0 810971.0 1
403329.0 717870.0 1
443618.0 157237.0 13
336974.0 563207.0 4
700747.0 821557.0 2
808405.0 318841.0 11
801172.0 715857.0 6
818063.0 797960.0 6
137699.0 556769.0 3
606300.0 566708.0 5
340996.0 170964.0 12
485361.0 169229.0 13
632546.0 389750.0 10
674433.0 860605.0 2
339212.0 538693.0 4
635887.0 384511.0 10
820904.0 351763.0 11
177579.0 319865.0 8
857833.0 170565.0 14
436362.0 379677.0 9
824140.0 729074.0 6
220224.0 592068.0 3
664355.0 831472.0 2
582389.0 428200.0 10
