521151 152439 13
150009 371014 8
329905 579935 4
688098 908495 2
330127 570072 4
606289 670243 5
294053 878220 0
370259 585265 4
264798 767716 0
412541 806622 1
601390 453925 10
367751 578289 4
146681 562995 3
846772 509036 7
335029 553213 4
417673 785965 1
198197 344933 8
682420 846881 2
262370 891499 0
812942 85345 14
185071 362905 8
134695 350397 8
510901 175806 13
797205 313318 11
821428 153468 14
835804 710711 6
599123 616977 5
315830 102777 12
826192 577784 7
836225 709204 6
497211 174121 13
617310 551945 5
175586 365049 8
322789 137560 12
382720 263255 9
169337 348605 8
327569 158418 12
229280 813483 0
810657 329468 11
816852 352965 11
395450 407822 9
657879 857942 2
446307 796523 1
318065 581616 4
135537 356169 8
619339 401624 10
668482 358452 10
624293 333944 10
393825 453067 9
355924 577596 4
571669 873544 2
687360 862438 2
159496 331641 8
179240 577011 3
815131 704478 6
825997 730652 6
285865 167818 12
398985 413427 9
624310 398408 10
318192 170844 12
242087 844255 0
839339 726322 6
535787 199735 13
394846 407130 9
334549 579199 4
667472 570571 5
898916 630099 6
294310 563522 4
306042 66361 12
265246 889333 0
383878 376230 9
858172 137586 14
261633 773355 0
153607 379395 8
876408 183646 14
876151 582116 7
370955 325071 9
133580 348602 8
547076 156969 13
418140 415328 9
685551 798742 2
182093 321311 8
279923 805957 0
605650 447537 10
541435 206637 13
662293 872590 2
164915 350360 8
422917 781112 1
206561 574789 3
324444 166910 12
221706 875060 0
592714 553958 5
801301 316893 11
308066 145825 12
617296 386864 10
79285 554817 3
160369 353500 8
375619 553791 4
188480 870646 0
620213 574468 5
396150 430329 9
803962 731228 6
119386 620549 3
138461 558771 3
271093 861412 0
825070 734215 6
112673 516997 3
864053 139325 14
461751 817277 1
509223 177592 13
567861 856582 2
828147 808738 6
230149 886583 0
631316 837043 2
271123 163465 12
298800 824277 0
258778 106777 12
310591 841778 0
693362 837786 2
679054 898217 2
920249 551171 7
827192 785316 6
274321 219665 12
632390 363198 10
478442 125560 13
618893 419740 10
848570 703697 6
800444 311497 11
261622 869706 0
880545 506175 7
800133 327081 11
246729 879602 0
822078 711840 6
579773 568698 5
866051 172932 14
485361 169229 13
509804 175714 13
807696 320548 11
818119 348676 11
600665 638890 5
429220 787348 1
825141 535997 7
142575 517378 3
176602 574552 3
789583 287700 11
281732 221764 12
607440 403119 10
861033 507671 7
353145 580916 4
664159 550946 5
469139 810971 1
676220 858214 2
477746 163845 13
693265 388552 10
164354 347671 8
849537 157510 14
339967 562602 4
209922 850026 0
588100 557588 5
589112 536573 5
446537 828924 1
699668 863774 2
377588 402670 9
287127 192494 12
168443 367928 8
662177 420431 10
333787 189423 12
811913 325091 11
444336 820061 1
119237 591137 3
871689 155981 14
304556 568584 4
883434 581923 7
147599 513563 3
650661 861267 2
857818 534525 7
222445 891438 0
146120 576624 3
160835 347784 8
617717 613939 5
338634 564414 4
343717 559909 4
449683 388863 9
877964 242679 14
686324 364237 10
895680 609341 7
378347 144880 12
272394 837600 0
473361 185066 13
81648 360080 8
243941 843256 0
207552 772091 0
393570 579641 4
815455 755486 6
342901 582886 4
506012 178372 13
402309 786873 1
402227 414685 9
141222 572556 3
665775 845662 2
810253 323873 11
672266 862875 2
811031 703822 6
162921 317643 8
426040 825049 1
131532 536658 3
515856 148316 13
872033 558924 7
348773 583528 4
507472 227670 13
104489 542515 3
320000 162605 12
170002 370000 8
793684 312065 11
893106 176595 14
334016 562797 4
800804 316615 11
392447 408539 9
843715 568319 7
860154 113364 14
641070 424917 10
861364 598127 7
525670 184762 13
615934 426539 10
444816 409502 9
429653 438596 9
410917 614521 4
657094 857640 2
275524 559548 4
842719 506205 7
807409 325526 11
798308 312788 11
795909 462864 7
846512 683647 6
672818 881943 2
341775 425156 9
345703 149860 12
148080 544056 3
414374 439977 9
34795 606311 3
919544 541255 7
873636 510687 7
270233 195701 12
685821 816579 2
422261 374345 9
528766 239937 13
809781 326904 11
316313 570785 4
664903 839150 2
376176 795539 1
394708 739061 1
334980 143900 12
315146 160782 12
158596 562634 3
778414 260729 11
199043 270173 8
620818 396967 10
695010 449565 10
854654 549222 7
124516 325289 8
381617 157000 12
843911 730036 6
321657 538660 4
585195 555011 5
620939 385731 10
894268 532597 7
344437 529492 4
618053 357534 10
427388 815258 1
606558 458285 10
795571 310093 11
598634 619900 5
371685 151612 12
609796 532982 5
865754 723314 6
823974 725025 6
837312 572687 7
415222 434798 9
849126 121710 14
563315 215613 13
851010 157593 14
210497 359835 8
395168 404189 9
680677 868629 2
238492 833394 0
170384 339979 8
432184 395118 9
523796 219588 13
682053 853410 2
868375 161990 14
278929 842054 0
497255 188783 13
784151 283760 11
483807 198925 13
404359 783919 1
797918 694723 6
292194 906490 0
360703 150999 12
338474 564151 4
346717 178180 12
115363 305575 8
621726 578003 5
495995 160032 13
244966 841126 0
120357 560737 3
140706 547367 3
797947 319734 11
241972 840749 0
208494 850615 0
851088 157432 14
158201 315944 8
877510 555087 7
836450 151205 14
824822 367091 11
261819 863523 0
667280 765619 2
363437 77975 12
252199 828023 0
271424 251323 12
808710 330379 11
172116 513383 3
245532 846331 0
779437 281959 11
389392 730768 1
858834 149259 14
680228 843225 2
368617 554066 4
137967 354539 8
182239 333302 8
523329 404632 10
408992 462226 9
607084 595500 5
220156 589643 3
480128 785580 1
425019 759577 1
707100 601463 5
438860 114065 13
358793 547046 4
158713 379013 8
824140 729074 6
803377 319212 11
488205 420586 9
571570 375257 10
822843 763117 6
833661 389733 11
140612 350010 8
376444 371957 9
230591 874855 0
505044 180646 13
805080 323708 11
694451 863981 2
408147 436628 9
171074 293610 8
343145 172236 12
853874 560250 7
339393 209145 12
726847 875488 2
125548 552424 3
284757 175853 12
621537 390372 10
403852 792473 1
246047 846189 0
405470 392374 9
326959 154655 12
874791 559085 7
388873 746909 1
622550 391601 10
363075 162238 12
825690 703854 6
509773 148899 13
803603 327255 11
412861 434751 9
875625 599766 7
330455 568758 4
342066 119083 12
816393 185056 14
224083 852922 0
344552 554676 4
637332 414017 10
628264 616214 5
152054 345632 8
412797 803180 1
194956 372256 8
648230 857418 2
140717 554093 3
592620 446156 10
403365 215735 12
629891 414975 10
198493 326704 8
561574 621747 5
289002 520678 4
155899 561715 3
811694 188374 14
434815 388041 9
582777 542670 5
850376 739749 6
134449 557556 3
247613 815836 0
786528 104976 14
823417 701523 6
795322 311178 11
798243 324160 11
828194 742074 6
624599 417673 10
336845 172750 12
229857 843917 0
680757 826912 2
853439 518568 7
102983 382712 8
369249 797068 1
380749 403860 9
351564 573155 4
357813 572855 4
491145 206344 13
332960 569308 4
654147 407182 10
134725 537440 3
684537 843821 2
610722 418243 10
419700 793447 1
537211 376777 10
289087 565427 4
619295 397643 10
417231 381303 9
604168 555003 5
283474 532727 4
700962 927047 2
501333 163002 13
689948 850548 2
637665 858741 2
569197 559307 5
861242 161722 14
472917 830363 1
246470 842932 0
169069 348929 8
594010 570095 5
469470 189347 13
821337 733356 6
297731 175876 12
511117 175212 13
832010 554080 7
95749 602775 3
617573 386848 10
881789 727577 6
499637 194036 13
793892 313943 11
849003 115373 14
406184 394506 9
883981 607581 7
117089 561455 3
411008 607342 4
801166 322298 11
154412 310120 8
417197 778243 1
373339 398565 9
676767 832479 2
857648 511640 7
158060 525533 3
261795 819395 0
508789 174256 13
871723 685520 6
802089 313456 11
168274 374689 8
497815 165151 13
156003 502860 3
844086 531300 7
811391 343836 11
324121 96346 12
216846 737568 0
801539 318482 11
796953 726378 6
648429 422590 10
900829 590250 7
819256 201704 14
336829 562228 4
270742 847836 0
606111 617846 5
389410 788256 1
647354 579190 5
878170 123364 14
122360 357480 8
804925 735492 6
420319 794333 1
397137 742547 1
781260 737962 6
791355 529644 7
398795 472619 9
802853 314938 11
657120 386782 10
130440 562623 3
473933 191767 13
220931 876605 0
600679 599545 5
319838 170383 12
850787 125678 14
821908 732077 6
149760 577278 3
488330 173837 13
396617 801039 1
140962 518167 3
803369 698753 6
179793 483378 3
709254 847444 2
827031 734324 6
198294 552987 3
55359 623076 3
446368 763341 1
848137 87922 14
397158 370362 9
340066 152500 12
441415 780207 1
560362 567914 5
399858 403574 9
429515 393708 9
598184 531473 5
382124 786262 1
341446 538787 4
417169 792321 1
840335 164912 14
888111 525539 7
247939 831010 0
324055 590810 4
495165 163113 13
860375 544804 7
631446 561156 5
253703 834676 0
826465 646980 6
879500 590791 7
221126 837878 0
130883 557824 3
621622 390298 10
691827 863963 2
788351 737539 6
842576 153072 14
165573 305517 8
438437 730300 1
683941 915579 2
630067 372798 10
239505 885057 0
409814 836083 1
325871 558965 4
411674 402377 9
853562 531620 7
221002 870506 0
868025 569296 7
409417 758123 1
279010 181792 12
665426 853940 2
343450 570659 4
340693 569371 4
383821 808301 1
399020 404042 9
131874 552586 3
325125 564342 4
212009 864463 0
422961 821595 1
308726 371721 9
613840 534167 5
327734 163585 12
802537 312497 11
67867 545392 3
799291 317500 11
165104 543395 3
823589 728083 6
238748 551038 3
625416 868848 2
213951 352868 8
852410 187705 14
249253 856047 0
801780 318992 11
319927 524637 4
509955 141698 13
257471 849587 0
270729 67329 12
412767 593558 4
669366 869654 2
801055 321833 11
561725 168220 13
369418 733394 1
334812 137431 12
619475 400592 10
823455 747394 6
264565 859237 0
616060 590779 5
251958 886571 0
274495 182470 12
595411 413706 10
620975 564344 5
310529 141617 12
341578 558672 4
842590 716861 6
295537 91032 12
551867 170425 13
437483 785130 1
653177 819935 2
500474 169746 13
243511 830743 0
838142 156770 14
373684 418326 9
680381 823757 2
913686 576892 7
536623 213083 13
677404 883871 2
514428 222503 13
682481 879399 2
116492 509399 3
379593 380662 9
305915 854818 0
343018 239960 12
809453 736879 6
123905 508486 3
324442 567881 4
680592 858526 2
626334 852383 2
260922 785987 0
240221 843932 0
858934 162874 14
803031 325811 11
830805 370801 11
240028 849354 0
391163 811977 1
325118 556212 4
334182 558498 4
803959 315173 11
155508 372355 8
786032 701427 6
832589 782799 6
484407 809641 1
865030 541150 7
589344 563119 5
502499 176532 13
370839 727884 1
436362 379677 9
487952 168607 13
630205 338054 10
143879 536650 3
855593 161003 14
594029 586701 5
583728 563146 5
873791 606643 7
616040 330855 10
859679 541785 7
810460 735109 6
666315 872311 2
241475 850889 0
868626 737331 6
213022 338238 8
337811 558454 4
356246 549756 4
669690 842110 2
392258 405478 9
228928 855040 0
250394 847577 0
639431 588155 5
370602 353215 9
688076 833905 2
782506 279930 11
819439 735945 6
633894 404424 10
633304 366062 10
115905 560139 3
446538 180119 13
611581 572630 5
597026 642918 5
109317 531425 3
430686 844506 1
805237 318655 11
788020 765562 6
848413 183717 14
445199 763833 1
806192 337849 11
171318 373473 8
144856 551807 3
98675 580608 3
854463 159977 14
94382 320888 8
881217 172320 14
329428 66056 12
614683 367259 10
753254 840123 2
198415 321418 8
675866 868784 2
339732 163158 12
405902 394724 9
276792 141848 12
718544 888401 2
418963 746595 1
915666 506439 7
664156 846474 2
808777 512951 7
300294 178772 12
420792 430901 9
172879 347028 8
866973 550375 7
883929 121705 14
504754 150226 13
769386 259892 11
837977 728814 6
368166 429422 9
396548 784388 1
258201 153095 12
527515 831478 2
306540 193434 12
826192 172906 14
806848 320541 11
326040 156509 12
342963 582232 4
805390 319676 11
411606 137378 12
384922 582877 4
848290 143184 14
139641 557503 3
145282 391482 8
211584 591058 3
246468 838071 0
623433 400160 10
404782 557913 4
474527 107596 13
324518 167369 12
672598 856928 2
606587 573873 5
818622 370753 11
427850 762201 1
599612 859210 2
868317 177001 14
895723 126593 14
236987 881080 0
560237 500154 5
378274 816341 1
481067 172555 13
448651 847994 1
722463 882675 2
550216 184337 13
540364 163758 13
424145 743433 1
64978 538104 3
861868 549168 7
168284 309036 8
110948 539533 3
513991 165072 13
608747 363132 10
850790 525740 7
803774 334756 11
615032 402225 10
819737 737829 6
605107 563429 5
352424 557574 4
852267 498220 7
309399 838744 0
260096 530550 4
833499 504718 7
790149 565157 7
410682 349328 9
854886 769396 6
402891 801910 1
281979 518198 4
235084 818866 0
777697 798253 6
846011 160034 14
862117 600081 7
257093 801567 0
800390 309948 11
390282 789593 1
636871 929410 2
352520 566829 4
798523 324500 11
345164 579614 4
872241 556733 7
394159 411676 9
861519 531277 7
779897 279572 11
263626 851699 0
292402 184441 12
877298 565604 7
646422 900526 2
407694 718592 1
256948 820470 0
854996 81095 14
900955 185733 14
139978 587153 3
814379 132655 14
248210 886338 0
675988 841317 2
245118 811283 0
169293 348686 8
855852 134834 14
524397 239456 13
182435 365508 8
502915 183059 13
462658 75167 13
605535 925341 2
321182 150806 12
347050 150472 12
469782 780552 1
371563 547746 4
420616 401526 9
609030 552436 5
533775 163036 13
380202 396671 9
177505 332053 8
183583 787453 0
844234 153197 14
520763 250477 13
521153 242968 13
333883 276840 9
854374 550707 7
603849 572396 5
653592 959882 2
221994 575146 3
279008 521035 4
502737 174437 13
426115 814461 1
868736 179354 14
392919 405103 9
282430 560217 4
851919 127963 14
156945 339397 8
343119 382074 9
800694 316789 11
824624 381716 11
621778 364695 10
170837 353968 8
875990 133950 14
611547 411952 10
846841 533595 7
801313 300606 11
241138 844374 0
142663 556520 3
354601 358760 9
283576 809069 0
852104 134678 14
369227 397853 9
299578 572052 4
380236 460907 9
321822 187102 12
858058 196183 14
325279 168587 12
196795 190277 12
340191 567638 4
645464 660478 5
889975 589361 7
532549 172894 13
496476 140337 13
338347 337961 9
376613 159699 12
876935 684572 6
315965 587160 4
864721 548447 7
108512 525986 3
500360 213540 13
624328 392133 10
844066 546029 7
415933 422485 9
849681 125345 14
219864 842635 0
94458 533883 3
430779 770145 1
604294 574368 5
880362 706363 6
395210 357805 9
855993 225023 14
366654 802105 1
395641 808571 1
798007 723995 6
241545 838673 0
509173 178051 13
857363 154639 14
113068 317574 8
417795 405673 9
325275 866433 0
821835 564313 7
816775 739989 6
350964 149159 12
887269 166179 14
508551 174306 13
256216 903741 0
852423 159874 14
169569 346955 8
797594 302109 11
76253 529394 3
566609 537592 5
337910 562252 4
236431 844100 0
804354 309671 11
473202 140745 13
841130 529745 7
105193 596017 3
829673 730398 6
801551 320544 11
658748 777680 2
601212 370698 10
600114 413216 10
331340 524203 4
395013 387179 9
144502 345417 8
397851 400846 9
773955 239849 11
336787 538925 4
345495 579864 4
399291 386712 9
489062 200329 13
224676 859348 0
220620 819091 0
358312 559466 4
604352 573425 5
858278 544519 7
614497 830844 2
317136 563479 4
866352 535933 7
181561 358111 8
527753 213985 13
439145 407748 9
801456 320080 11
258975 837353 0
840349 790707 6
838821 563842 7
834483 173379 14
617447 366176 10
860563 534839 7
31842 565765 3
605927 572533 5
409823 412908 9
393758 439738 9
839974 154358 14
601967 604428 5
198712 303299 8
535453 200970 13
851462 526597 7
601182 582584 5
184412 537050 3
401411 414503 9
840059 534876 7
136967 565662 3
490271 216725 13
659734 844127 2
183236 338163 8
513957 139202 13
513561 229098 13
187854 354777 8
875160 698897 6
626811 372435 10
197735 355477 8
139033 593287 3
877422 134877 14
166799 318482 8
782642 275308 11
216061 848623 0
696808 866039 2
249616 144446 12
259173 548593 4
163091 350167 8
311408 168232 12
812869 346251 11
195151 317753 8
672212 860894 2
159472 372246 8
822474 780882 6
533551 582247 5
302583 571881 4
801810 728106 6
865084 713697 6
349378 805118 1
682100 853708 2
114311 601605 3
712648 607541 5
497454 172375 13
861381 546835 7
643965 366316 10
656834 885944 2
181803 799487 0
452398 378671 9
830159 134329 14
855603 542414 7
572417 403906 10
227819 900986 0
432892 815223 1
155625 262321 8
601619 825604 2
837017 154170 14
683098 847245 2
338717 181582 12
656477 573007 5
854012 157449 14
801326 315779 11
399634 751940 1
799667 316830 11
611044 571814 5
841292 155620 14
144705 375936 8
387951 813315 1
130657 555545 3
330335 568221 4
417494 392231 9
511105 122518 13
805089 762512 6
798612 326404 11
797804 715342 6
516128 178722 13
373360 784232 1
860606 152843 14
