576235 462612 10
337002 589527 4
353951 133923 12
888892 702505 6
469470 189347 13
506612 858859 1
424228 442208 9
817269 733788 6
312421 170617 12
168284 309036 8
501111 157402 13
195151 317753 8
422198 724557 1
806087 326636 11
309501 166931 12
864040 538985 7
277055 860813 0
101553 517715 3
778867 140736 14
720629 816515 2
840100 728839 6
302583 571881 4
889743 560547 7
509039 173839 13
841967 150890 14
563315 215613 13
305901 166656 12
306298 551902 4
293201 192871 12
593601 445149 10
166560 559687 3
241473 860854 0
158664 310765 8
633894 404424 10
616329 529516 5
259173 548593 4
789388 712210 6
862759 157988 14
210597 589836 3
662293 872590 2
777697 798253 6
238080 830689 0
137451 555339 3
586097 567445 5
415136 446807 9
448336 789445 1
640210 902029 2
786032 701427 6
117959 536156 3
804251 331304 11
486891 175164 13
342501 336320 9
201324 574588 3
874643 729921 6
872057 122354 14
805658 698630 6
256216 903741 0
697161 840318 2
224288 931476 0
371000 555062 4
417393 771537 1
401478 785370 1
670119 859029 2
640432 837036 2
434717 808225 1
68388 574380 3
801093 317509 11
532549 172894 13
257841 193878 12
131523 568207 3
415417 785827 1
482628 171320 13
139212 557713 3
137516 556818 3
860520 544023 7
277027 536847 4
377720 727349 1
207217 878249 0
898578 612291 7
617493 379303 10
668367 855686 2
519421 154681 13
469139 810971 1
855852 134834 14
608298 573748 5
800394 301473 11
261622 869706 0
594720 848457 2
695260 824882 2
669178 866011 2
802784 313853 11
428667 451233 9
263626 851699 0
412227 787450 1
268518 181514 12
401854 402867 9
248683 383412 8
399291 386712 9
139903 592241 3
884750 154317 14
177241 292639 8
825997 730652 6
753254 840123 2
786635 269352 11
585048 505097 5
680506 840053 2
234837 151054 12
497582 190801 13
887896 558572 7
34795 606311 3
802814 320130 11
604678 574577 5
822722 553764 7
94382 320888 8
211360 279794 8
270233 195701 12
168573 350387 8
690018 819280 2
653745 809028 2
617954 395504 10
824475 518063 7
591051 389443 10
853439 518568 7
878519 606677 7
877906 722361 6
511868 170991 13
384922 582877 4
360703 150999 12
634004 895206 2
335328 562880 4
286568 547471 4
585175 574133 5
783999 732487 6
509928 184873 13
854996 81095 14
577242 574073 5
904133 534915 7
606144 575076 5
630067 372798 10
673196 812941 2
369044 371649 9
800304 163436 14
188424 849785 0
189102 333074 8
255185 825960 0
206660 575002 3
335029 553213 4
659191 459637 10
796283 315582 11
592620 446156 10
241005 825301 0
659529 498474 5
497211 174121 13
895723 126593 14
210497 359835 8
258135 880184 0
810657 329468 11
708244 871834 2
97216 564094 3
165653 317602 8
718257 857481 2
292931 125341 12
152054 345632 8
871544 144135 14
625728 579460 5
567428 580005 5
318192 170844 12
604157 574191 5
671919 571761 5
669697 859388 2
291973 127483 12
823974 725025 6
600665 638890 5
834173 386159 11
161273 347538 8
307605 840195 0
611581 572630 5
803627 319323 11
615342 413931 10
617399 392653 10
177665 557923 3
269723 849664 0
856202 158811 14
888714 205560 14
639997 865965 2
609030 552436 5
151374 538387 3
730383 879136 2
683941 915579 2
845802 172285 14
226949 889283 0
188480 870646 0
577473 384210 10
916704 609548 7
824765 761114 6
714443 433876 10
872781 154295 14
232357 810798 0
653325 396810 10
250359 849451 0
183610 321788 8
416019 787562 1
871556 194747 14
349378 805118 1
339212 538693 4
677769 841641 2
359740 379592 9
576263 547239 5
280519 165350 12
555429 604551 5
246753 175170 12
230591 874855 0
356246 549756 4
353749 391896 9
629247 364078 10
674521 861127 2
790774 303642 11
474641 81263 13
658219 436184 10
802394 87835 14
394018 799506 1
497406 125809 13
152861 407965 8
245602 857160 0
338205 566246 4
124516 325289 8
294492 832336 0
608687 374928 10
129453 321221 8
675902 853961 2
275459 190178 12
361159 436327 9
136078 547418 3
541498 192746 13
302359 534317 4
112673 516997 3
853291 557685 7
171461 348130 8
894785 440382 7
290107 571927 4
182854 534283 3
817441 709397 6
163956 833732 0
172756 612694 3
457033 127590 13
757470 224976 11
801172 715857 6
186380 363938 8
603698 573585 5
671609 815681 2
672818 881943 2
645464 660478 5
290958 168323 12
859577 544625 7
693699 822637 2
605535 925341 2
608529 586311 5
402309 786873 1
629000 417990 10
373917 427628 9
383878 376230 9
364844 571623 4
858418 546935 7
651576 865180 2
122986 334382 8
420083 787815 1
286769 862152 0
788166 702817 6
183516 374212 8
628080 562986 5
798633 317300 11
298979 774144 0
420489 448078 9
505400 160422 13
363932 228249 12
563763 559454 5
819768 346596 11
422056 382193 9
394274 837428 1
500474 169746 13
626334 852383 2
517495 186329 13
144705 375936 8
507674 147431 13
195000 354829 8
480876 160465 13
358652 186358 12
383022 409854 9
712648 607541 5
496130 178113 13
357014 148222 12
414377 771258 1
167845 341409 8
259973 862559 0
647968 877873 2
589862 418742 10
375997 806621 1
561574 621747 5
848974 199427 14
735295 814058 2
809054 345541 11
796952 318633 11
169628 365003 8
829229 143653 14
226433 837646 0
846936 161313 14
499009 205823 13
865030 541150 7
324121 96346 12
378697 591764 4
185561 342784 8
434440 822866 1
196462 887983 0
576987 392508 10
425563 163524 13
839445 149778 14
671772 860357 2
648590 917839 2
138073 556272 3
835831 555864 7
804038 306622 11
515450 173220 13
160222 380591 8
509651 149290 13
639502 371440 10
885764 151791 14
404445 402466 9
416433 786159 1
850663 157840 14
405356 391545 9
219686 859997 0
809453 736879 6
439514 758221 1
368363 409733 9
800479 321640 11
384225 784381 1
425386 379634 9
854922 159650 14
300726 862728 0
321522 163852 12
165689 356983 8
815298 167390 14
491614 778997 1
256120 141529 12
669427 846395 2
884966 133900 14
267799 847911 0
610676 449688 10
682100 853708 2
333299 597586 4
402031 426039 9
860845 155375 14
800582 316980 11
821835 564313 7
121650 599844 3
799001 302014 11
545240 221008 13
417281 410881 9
396903 591235 4
314552 151035 12
427749 457110 9
357679 548036 4
429586 775621 1
161154 538355 3
809550 327365 11
74519 527539 3
439048 403700 9
850453 155432 14
870139 566584 7
826192 172906 14
227363 836593 0
138199 541774 3
190634 357254 8
413556 758080 1
805035 317469 11
220620 819091 0
88703 577217 3
673140 864863 2
883981 607581 7
606738 601356 5
641031 593074 5
394159 411676 9
181227 347052 8
870054 738900 6
839757 190518 14
852104 134678 14
854753 190254 14
372230 412488 9
402891 801910 1
597551 556737 5
198493 326704 8
136059 558213 3
528766 239937 13
511118 175212 13
140164 531093 3
330335 568221 4
850153 155701 14
689725 465685 10
354094 424230 9
681941 370225 10
617118 374098 10
409515 756149 1
795836 291870 11
875410 128878 14
794260 129843 14
139978 587153 3
693265 388552 10
494698 176711 13
864325 170593 14
836727 737798 6
281971 825246 0
244899 812192 0
624343 403629 10
800444 311497 11
253890 807676 0
320821 165455 12
624310 398408 10
325279 168587 12
839514 728923 6
805372 313397 11
19835 570290 3
399020 404042 9
864721 548447 7
168443 367928 8
615032 402225 10
476144 772131 1
512291 169608 13
822078 711840 6
402566 415798 9
859707 202806 14
678856 850293 2
855045 547633 7
859185 553000 7
395450 407822 9
823202 619103 7
371498 393120 9
620187 400168 10
848108 161786 14
367864 442851 9
603445 630598 5
161780 324523 8
150009 371014 8
484395 107291 13
146821 297434 8
414562 787355 1
153181 277968 8
308763 166511 12
678606 878004 2
804702 315881 11
496491 171534 13
873474 159567 14
397764 406712 9
246453 883061 0
336845 172750 12
810543 341180 11
147664 559632 3
671325 856592 2
803332 315488 11
804358 320802 11
407334 445969 9
517580 170329 13
823065 733789 6
883062 547498 7
212009 864463 0
617319 374666 10
824322 744720 6
332884 533990 4
401616 404245 9
388202 405780 9
815455 755486 6
371616 570648 4
871723 685520 6
474648 778810 1
814697 729209 6
149760 577278 3
125675 360158 8
344915 702496 1
656642 407213 10
806567 140259 14
297212 546223 4
709303 897538 2
504243 237336 13
481083 151953 13
597026 642918 5
142767 538646 3
585255 415823 10
405470 392374 9
818542 740451 6
840375 155757 14
802184 751958 6
860151 543055 7
279251 184486 12
417231 381303 9
540196 180312 13
864053 139325 14
537174 194410 13
359796 165920 12
175169 349454 8
166973 334724 8
188985 367645 8
594084 629464 5
347050 150472 12
816852 352965 11
354601 358760 9
214966 358837 8
822670 689090 6
657094 857640 2
473799 795167 1
373907 558472 4
809779 663654 6
642157 345545 10
496384 166644 13
809781 326904 11
417169 792321 1
383052 89061 12
244743 830888 0
218942 848326 0
838978 622330 7
408224 399767 9
211165 825505 0
656477 573007 5
759789 229116 11
665775 845662 2
398498 776720 1
818119 348676 11
833716 758772 6
256316 818886 0
241381 844402 0
414997 432597 9
629533 537542 5
611044 571814 5
671444 860206 2
336829 562228 4
701017 931252 2
145282 391482 8
267049 950249 0
337173 557853 4
658748 777680 2
165382 518876 3
409417 758123 1
257472 849587 0
135537 356169 8
532010 176195 13
471328 176297 13
623433 400160 10
664025 801796 2
836951 546244 7
593317 534085 5
758172 608152 7
621964 409409 10
335918 566525 4
830450 393096 11
816091 747764 6
823455 747394 6
399188 402459 9
344552 554676 4
589164 386733 10
359831 554975 4
325360 134919 12
672628 882986 2
241633 846949 0
169337 348605 8
789552 731946 6
607269 536961 5
830620 117906 14
864211 216526 14
419700 793447 1
595014 632844 5
412500 594675 4
103192 550021 3
494317 170837 13
675357 870850 2
339993 544064 4
500360 213540 13
101722 535117 3
827192 785316 6
801386 313545 11
202011 337353 8
801080 318049 11
415222 434798 9
196795 190277 12
851462 526597 7
851166 532382 7
134422 544300 3
613871 550423 5
156474 570384 3
282622 879222 0
410336 767856 1
767482 727417 6
76253 529394 3
194033 340466 8
415394 396940 9
394606 401451 9
424023 737453 1
153607 379395 8
301983 173386 12
789601 714058 6
344096 575522 4
850219 110573 14
665660 828338 2
156003 502860 3
199859 316334 8
819628 810748 6
145244 561042 3
636871 929410 2
803780 334441 11
347406 155708 12
861927 562723 7
419227 779215 1
873984 580836 7
611875 422910 10
608182 416637 10
468229 827985 1
283570 563726 4
602667 575857 5
866044 584750 7
168805 351913 8
223226 546198 3
596179 529556 5
650661 861267 2
394761 461494 9
277512 151920 12
682481 879399 2
303637 570253 4
614279 599251 5
128788 546091 3
806320 315242 11
809917 762429 6
320628 564596 4
145758 562414 3
684537 843821 2
187858 381077 8
550086 442382 10
369199 734895 1
837676 148639 14
108651 521409 3
242087 844255 0
578496 631434 5
810775 160434 14
889975 589361 7
616054 371666 10
868736 179354 14
333942 143344 12
429220 787348 1
556780 409205 10
773292 531652 7
631316 837043 2
400545 404212 9
408182 408351 9
189499 356601 8
873690 156226 14
859419 546754 7
130201 562734 3
751215 828365 2
294275 174786 12
497255 188783 13
248427 146381 12
308066 145825 12
426172 363147 9
611357 393577 10
390182 360941 9
846594 522941 7
204922 854068 0
682699 851115 2
242415 844335 0
615175 397627 10
368166 429422 9
805089 96540 14
838515 768484 6
229131 842806 0
832372 600070 7
104489 542515 3
394708 739061 1
553118 165472 13
881217 172320 14
435085 791564 1
848976 558706 7
846731 162515 14
391163 811977 1
486034 196122 13
392258 405478 9
257984 555707 4
841654 764836 6
409616 575024 4
485361 169229 13
174057 358906 8
326251 549298 4
402081 407514 9
586242 396484 10
832886 781206 6
570384 393553 10
489504 146224 13
829216 121494 14
372883 222824 12
401396 125431 12
669430 905798 2
189029 366740 8
788005 292268 11
629004 392271 10
472054 129986 13
404792 749210 1
806511 313841 11
411471 446824 9
180493 319750 8
513991 165072 13
361814 411086 9
408428 771823 1
345042 566973 4
245468 859425 0
383855 390984 9
687360 862438 2
271205 817620 0
858278 544519 7
414317 828815 1
191099 341570 8
783116 265635 11
805462 317833 11
851280 156049 14
448651 847994 1
246470 842932 0
333883 276840 12
799197 314215 11
808555 600511 7
551867 170425 13
666636 858686 2
800677 310656 11
837312 572687 7
520952 169184 13
797313 317527 11
289087 565427 4
569197 559307 5
336928 557412 4
614877 402442 10
228517 837056 0
910683 612854 7
880833 537039 7
820455 729132 6
292193 125417 12
588964 597435 5
802537 312497 11
351352 362910 9
573969 434110 10
313649 523765 4
618676 377015 10
797233 713358 6
629725 405117 10
576488 397913 10
412851 774986 1
398795 472619 9
406176 760860 1
271123 163465 12
808644 326320 11
885828 586348 7
327569 158418 12
664156 846474 2
675382 836312 2
322365 530808 4
512733 174091 13
182840 584262 3
396276 785999 1
840270 725456 6
598628 425191 10
247484 846372 0
499262 398424 9
430779 770145 1
587453 401098 10
342066 119083 12
857126 548151 7
190725 336160 8
347575 565576 4
801511 761094 6
307300 836132 0
238714 858826 0
456566 743012 1
342400 426090 9
609344 448128 10
387165 404027 9
545235 539822 5
499272 168413 13
295537 91032 12
160206 303063 8
814158 335578 11
807929 730950 6
597077 568196 5
335201 585318 4
358384 556361 4
801441 323812 11
810460 735109 6
616044 533807 5
809182 319115 11
76661 531044 3
410917 614521 4
508989 168995 13
680677 868629 2
662898 884734 2
823913 369439 11
405322 414743 9
840943 739611 6
827081 694553 6
298214 820903 0
417673 785965 1
422736 790806 1
658281 582264 5
316395 537403 4
534702 244239 13
621989 394856 10
172882 571145 3
383821 808301 1
593879 444161 10
167653 352074 8
418199 851439 1
331340 524203 4
359772 568428 4
142252 329183 8
801183 316191 11
883231 232031 14
900955 185733 14
500801 185558 13
828276 762021 6
601212 370698 10
350480 214608 12
822623 745025 6
215243 289985 8
220931 876605 0
814249 488483 7
596796 529933 5
563182 367521 10
102221 374657 8
318681 528806 4
490037 164357 13
276792 141848 12
878157 210496 14
262846 559590 4
310824 144943 12
416110 374296 9
168274 374689 8
846256 154064 14
838036 749612 6
400257 404936 9
746769 205186 14
872237 555834 7
408500 393942 9
803796 314893 11
840462 402858 11
886773 509047 7
717187 883275 2
665697 929571 2
791355 529644 7
350798 535657 4
677459 896720 2
170155 343568 8
624106 398619 10
146924 565933 3
814401 341234 11
802012 318315 11
402071 427626 9
801751 318110 11
846841 533595 7
164046 346109 8
169322 577938 3
824822 367091 11
865084 713697 6
656957 871011 2
347933 797148 1
474527 107596 13
822156 732296 6
794826 309589 11
138449 555969 3
669366 869654 2
186380 487625 3
797834 297329 11
828005 145089 14
141238 557986 3
173576 507309 3
224676 859348 0
102898 592834 3
370839 727884 1
412615 403902 9
400538 407020 9
327204 152871 12
518675 175686 13
795254 296488 11
674265 861435 2
388806 569524 4
669690 842110 2
391555 789079 1
209264 836661 0
874239 594786 7
332470 161202 12
480787 147737 13
110948 539533 3
680757 826912 2
605911 379990 10
849547 738979 6
809594 344872 11
334182 558498 4
614917 600946 5
415672 787824 1
872033 558924 7
595580 798572 2
241475 850889 0
201907 516078 3
256512 837094 0
475944 189337 13
630384 376295 10
143879 536650 3
469782 780552 1
437958 784801 1
172879 347028 8
424720 768456 1
331175 551842 4
674659 860894 2
794265 594573 7
260096 530550 4
414951 852935 1
608711 373665 10
424145 743433 1
412541 806622 1
442931 430123 9
177246 571940 3
227138 824372 0
682510 905902 2
791983 298565 11
880545 506175 7
291170 110147 12
838328 185708 14
615934 426539 10
892340 149050 14
817018 729596 6
842903 567914 7
520763 250478 13
603285 449307 10
477901 173288 13
685785 409913 10
517750 199025 13
174371 864697 0
592714 553958 5
242519 845811 0
603789 574474 5
591484 571087 5
802674 727804 6
820904 351763 11
332032 157725 12
657811 885904 2
602873 527864 5
155899 561715 3
801482 327644 11
800772 325023 11
596481 567449 5
822883 728314 6
521032 177084 13
691827 863963 2
148915 338914 8
294832 124284 12
802646 317894 11
137347 622867 3
605927 572533 5
861364 598127 7
124724 459999 3
598657 442558 10
409142 811927 1
626586 415166 10
400598 790903 1
799903 784535 6
117585 391892 8
808686 332209 11
788776 582930 7
127134 379827 8
252199 828023 0
800694 316789 11
879309 561548 7
202175 495076 3
366934 581294 4
439793 740773 1
142563 560090 3
620939 385731 10
192564 547558 3
819580 545900 7
240028 849354 0
862571 550965 7
331212 162496 12
683048 937776 2
171318 373473 8
834996 728517 6
876151 582116 7
450030 169537 13
601644 436831 10
513181 177419 13
179811 342089 8
861027 546004 7
592804 584539 5
668839 882598 2
516128 178722 13
558478 213316 13
67867 545392 3
234091 876039 0
851216 516166 7
606809 572101 5
400380 588221 4
508551 174306 13
813124 157130 14
848586 789052 6
344437 529492 4
409167 449719 9
495995 160032 13
416884 786845 1
629377 853726 2
393402 401018 9
340970 564831 4
573755 218049 13
838764 652792 6
399858 403574 9
239505 885057 0
338474 564151 4
389868 410718 9
864991 159874 14
172662 388185 8
856454 117143 14
613545 574733 5
335742 196692 12
120357 560737 3
729194 856897 2
392185 713763 1
860870 546516 7
412797 803180 1
804630 332333 11
437483 785130 1
411090 435389 9
871544 592403 7
861563 661642 6
190241 329582 8
849938 156042 14
700962 927047 2
629369 398359 10
235041 823732 0
58190 608304 3
684739 884934 2
157138 565993 3
913686 576892 7
399717 403257 9
444816 409502 9
171986 429306 8
853279 560714 7
396081 396707 9
653258 860766 2
832621 150748 14
813173 354777 11
620438 511694 5
813781 738344 6
271093 861412 0
179240 577011 3
216846 737568 0
252845 181181 12
397851 400846 9
902529 162041 14
854037 528890 7
382720 263255 12
824212 363776 11
325275 866433 0
165573 305517 8
414512 793966 1
414036 742189 1
134261 519275 3
493714 173387 13
176278 550602 3
415521 368125 9
831024 505776 7
599612 859210 2
913298 162009 14
101427 615890 3
502511 205121 13
163766 859386 0
840020 568424 7
223550 323197 8
900991 497149 7
384591 137729 12
674134 908464 2
877964 242679 14
407429 399155 9
357466 354094 9
870630 516603 7
321822 187102 12
400902 772920 1
341559 562163 4
345164 579614 4
562920 559223 5
232331 872896 0
139636 565984 3
874125 543036 7
353991 193997 12
807913 737341 6
222356 840843 0
864185 161232 14
387756 435588 9
799326 106384 14
164453 544085 3
398980 407667 9
158060 525533 3
593166 622725 5
862534 547936 7
889260 541423 7
923996 594948 7
603566 410391 10
155690 368375 8
848413 183717 14
630904 404643 10
216061 848623 0
895623 178393 14
961951 577029 7
862679 188399 14
157691 334886 8
187854 354777 8
883864 111281 14
841752 731595 6
814540 707227 6
702654 841548 2
396548 784388 1
639463 847461 2
547076 156969 13
749723 781756 6
180506 330980 8
561388 355834 10
418618 811618 1
804871 317801 11
229970 878786 0
415270 775605 1
407833 402474 9
336991 217448 12
422943 804253 1
861193 573954 7
849003 115373 14
170384 339979 8
488205 420586 9
850478 566230 7
198892 322470 8
489378 172861 13
803202 549001 7
416444 783624 1
672266 862875 2
158571 361986 8
363437 77975 12
433463 410297 9
798612 326404 11
208941 860169 0
204854 810013 0
339482 151261 12
604352 573425 5
162713 586568 3
236987 881080 0
403751 385539 9
266980 825990 0
620975 564344 5
826465 646980 6
831165 783383 6
668482 358452 10
403004 613466 4
637594 420311 10
641902 755287 2
93459 514032 3
500589 181466 13
491792 214464 13
883929 121705 14
425991 787029 1
169069 348929 8
801313 300606 11
659280 845579 2
424375 721868 1
371052 147369 12
284077 905181 0
490355 153464 13
840299 118907 14
864088 171351 14
858934 162874 14
606929 571420 5
797569 321799 11
146072 288800 8
821361 175823 14
680381 823757 2
210102 333312 8
846090 651306 6
380202 396671 9
872506 157517 14
606933 576409 5
144856 551807 3
506012 178372 13
857309 139276 14
885963 528959 7
593689 316888 10
350056 566657 4
877440 529137 7
340712 563178 4
183478 851724 0
858042 178196 14
284031 566654 4
282957 179982 12
598908 254032 13
400079 749617 1
265430 151883 12
632125 541413 5
334529 166765 12
601885 573083 5
583728 563146 5
127964 538935 3
261633 773355 0
473649 178184 13
147599 513563 3
157181 346842 8
882097 161493 14
800123 312312 11
906382 534459 7
846011 160034 14
391776 409868 9
823250 732088 6
324055 590810 4
334016 562797 4
609286 586782 5
432656 783776 1
401923 417123 9
430243 781020 1
582176 630383 5
264427 188193 12
850790 525740 7
172842 351663 8
260930 184935 12
857319 543529 7
213558 873714 0
649034 528813 5
786234 267976 11
855969 193497 14
616737 397973 10
601530 577183 5
153326 558408 3
875248 462524 7
626843 367696 10
803577 712231 6
367922 415238 9
133094 557996 3
850046 108829 14
802237 318526 11
684602 823981 2
619318 361696 10
900829 590250 7
326040 156509 12
858172 137586 14
799912 323363 11
249253 856047 0
282430 560217 4
387461 394402 9
127858 609681 3
171277 361020 8
888919 535805 7
414014 816460 1
585195 555011 5
854374 550707 7
659542 840985 2
316642 553340 4
668234 886696 2
675551 956849 2
425796 795608 1
338860 561151 4
560362 567914 5
855177 626376 7
845589 192916 14
358562 112650 12
222019 839774 0
841045 738224 6
395274 786698 1
112184 530469 3
425611 793420 1
436648 859634 1
508228 220433 13
231781 799444 0
318065 581616 4
592924 393730 10
143265 548387 3
378824 430343 9
138884 529162 3
278929 842054 0
642607 374702 10
383044 180418 12
625709 660145 5
899052 526048 7
283474 532727 4
332853 168141 12
634383 422065 10
595193 576508 5
804119 328544 11
367079 183232 12
600117 539079 5
412028 773494 1
422776 808328 1
175586 365049 8
271395 862063 0
864265 549505 7
829747 530312 7
412109 735920 1
341675 560197 4
635887 384511 10
322841 169735 12
878696 530134 7
860563 534839 7
632546 389750 10
167262 399527 8
853093 586321 7
426040 825049 1
541006 175198 13
798321 319665 11
474135 199330 13
425356 745471 1
244618 845420 0
107160 530936 3
656658 854609 2
174878 362329 8
676962 897430 2
198823 538624 3
418086 394699 9
821906 732848 6
509554 186931 13
79285 554817 3
282603 846165 0
347638 429109 9
354132 161850 12
846752 613846 7
618391 348381 10
604294 574368 5
338347 337961 9
409701 750741 1
541790 172616 13
399346 423786 9
236274 861302 0
588952 437524 10
808405 318841 11
245118 811283 0
597418 538362 5
159191 309314 8
799275 324108 11
182093 321311 8
693997 774817 2
606548 574376 5
605850 533310 5
508144 167733 13
158201 315944 8
375573 809249 1
335792 541310 4
669288 860515 2
422419 754048 1
884326 479802 7
602335 433298 10
782368 759352 6
107124 325984 8
463768 793154 1
351883 890475 0
433100 134861 13
469404 181944 13
876935 684572 6
804013 316083 11
587466 564953 5
206219 604081 3
797162 306135 11
836225 709204 6
831446 182864 14
803701 321815 11
205466 778884 0
69169 631490 3
485110 150541 13
257480 849037 0
661357 801817 2
624328 392133 10
326152 563230 4
198712 303299 8
685124 873363 2
808062 337340 11
411171 426853 9
604703 392288 10
579922 379009 10
274321 219665 12
575440 568511 5
465599 383470 9
601619 825604 2
236749 813868 0
852267 498220 7
105945 528795 3
617910 592293 5
166654 350678 8
304556 568584 4
142575 517378 3
137197 556522 3
821464 700760 6
407460 791404 1
603193 371867 10
578878 420108 10
508099 175066 13
164354 347671 8
854095 158510 14
854628 773470 6
754841 796342 6
887780 536497 7
418410 795929 1
511289 183247 13
358312 559466 4
389713 772742 1
329428 66056 12
554938 347875 10
634661 446187 10
841928 398948 11
334812 137431 12
620240 397022 10
308966 523409 4
894124 202052 14
330750 561657 4
876408 183646 14
807017 330432 11
815652 733433 6
841762 777572 6
296763 528676 4
607911 576556 5
335235 180161 12
349296 557688 4
345976 148333 12
828179 155649 14
416855 794023 1
306326 164202 12
133580 348602 8
813239 139752 14
845798 213118 14
213064 290947 8
507895 177445 13
253339 750941 0
828478 655405 6
787644 297715 11
838821 563842 7
137316 562151 3
367048 553451 4
603849 572396 5
416775 806826 1
432052 613723 4
824835 704997 6
883567 161769 14
395013 387179 9
611315 560757 5
232784 169847 12
93136 613387 3
827672 545966 7
676220 858214 2
858819 544904 7
846284 113820 14
309684 150076 12
832798 734777 6
225846 874086 0
115905 560139 3
335027 565050 4
795205 316433 11
443447 783977 1
152331 529689 3
860387 157731 14
322789 137560 12
392534 593343 4
339732 163158 12
398311 383357 9
366478 594677 4
448865 836781 1
324440 567074 4
773023 251826 11
198517 325721 8
304376 222294 12
332284 194186 12
473727 807244 1
420616 401526 9
412453 784453 1
817807 715863 6
325883 560492 4
206561 574789 3
396540 815936 1
377870 377550 9
871255 140340 14
366794 582584 4
433989 765343 1
687043 806921 2
795200 786424 6
523796 219588 13
829379 718721 6
805977 320805 11
330533 214555 12
274554 845338 0
847276 121785 14
688076 833905 2
339288 588052 4
94061 576129 3
310944 559497 4
616468 394118 10
512241 169240 13
321778 158339 12
341925 569393 4
609219 362804 10
861412 205239 14
629998 877765 2
418621 840463 1
795489 287279 11
470047 410943 9
811031 703822 6
348171 569251 4
411606 137378 12
391530 398743 9
511030 221292 13
789448 738035 6
860863 546060 7
162600 392531 8
241849 815141 0
582389 428200 10
313609 860065 0
673410 863889 2
843905 219401 14
595215 391491 10
815593 689874 6
311516 94189 12
631633 337973 10
622212 860015 2
533566 214619 13
846082 541026 7
812231 739235 6
658734 883214 2
344710 213543 12
359352 162962 12
892877 544283 7
401240 354085 9
230399 842538 0
888111 525539 7
166449 363036 8
832758 707452 6
377230 790154 1
811502 355939 11
392162 355397 9
297177 88467 12
498730 183037 13
183583 787453 0
546031 570429 5
108512 525986 3
652233 886054 2
626224 569687 5
387330 409037 9
837032 509264 7
838146 159541 14
481841 209337 13
134725 537440 3
821909 728448 6
800390 309948 11
573324 878802 2
861033 507671 7
333378 557892 4
862425 741010 6
510496 174308 13
676480 860779 2
533551 582247 5
316257 171544 12
798059 316113 11
817410 346944 11
321312 574721 4
399587 792459 1
834165 140684 14
311163 166821 12
796943 674692 6
849681 125345 14
865754 723314 6
523329 404632 10
245023 849247 0
640000 863831 2
131532 536658 3
845120 549830 7
269354 811847 0
354746 552404 4
129030 588495 3
174064 357989 8
440667 768761 1
324032 577807 4
855983 534803 7
284378 223470 12
812942 85345 14
408745 824896 1
872247 494281 7
813319 737376 6
914183 620056 7
618869 398187 10
376176 795539 1
427810 400178 9
130805 354417 8
617310 551945 5
798523 324500 11
780927 285057 11
360143 155270 12
626371 349696 10
787988 741203 6
844617 499013 7
849126 121710 14
184412 537050 3
609091 437020 10
130883 557824 3
381340 409680 9
369227 397853 9
841096 188742 14
615239 317684 10
197367 535989 3
591831 438997 10
423371 373970 9
528094 178343 13
654937 781879 2
822843 763117 6
148510 579793 3
634967 579020 5
457561 788245 1
839974 154358 14
801586 318947 11
194258 914691 0
345692 788190 1
457338 789952 1
347492 153416 12
599123 616977 5
148749 359845 8
841130 529745 7
825070 734215 6
378274 816341 1
169966 368623 8
499643 171625 13
684131 898331 2
510414 142485 13
668519 860048 2
658199 568743 5
248570 843156 0
627206 402647 10
315670 160928 12
897131 604582 7
175766 380534 8
826789 377676 11
407023 787385 1
679242 853941 2
357813 572855 4
446368 763341 1
253703 834676 0
412386 777312 1
320210 191459 12
144502 345417 8
169121 347594 8
142265 546135 3
670519 870010 2
228032 893055 0
371563 547746 4
367806 123963 12
704065 832648 2
862062 545736 7
575022 213534 13
617296 386864 10
176490 344679 8
275288 212315 12
588933 366439 10
869471 745767 6
162606 363185 8
801166 322298 11
272394 837600 0
891515 520429 7
224852 934148 0
610263 574422 5
851282 153750 14
171614 435530 8
681049 846975 2
135849 550612 3
411008 607342 4
788351 737539 6
600679 599545 5
606415 581386 5
836450 151205 14
370955 325071 9
804251 329956 11
520878 209094 13
167716 562762 3
55359 623076 3
621560 397789 10
514408 173338 13
312227 159417 12
244027 850132 0
353333 113156 12
875640 561262 7
173188 355248 8
661166 404325 10
518892 165875 13
400305 466024 9
138220 560056 3
509285 174620 13
679054 898217 2
216209 437830 8
179224 584189 3
816054 733183 6
327022 161396 12
315146 160782 12
843813 182032 14
418636 440000 9
625416 868848 2
840357 169437 14
251032 876118 0
388873 746909 1
116492 509399 3
166799 318482 8
619295 397643 10
865170 173755 14
489182 773934 1
321216 569834 4
160165 362858 8
869818 543227 7
203254 362605 8
559809 162597 13
150404 539885 3
334354 578047 4
650720 817440 2
138461 558771 3
235084 818866 0
892423 530999 7
390934 170420 12
236207 886769 0
396617 801039 1
169880 343122 8
172020 342883 8
860606 152843 14
674931 870112 2
723173 872525 2
804429 312164 11
200251 306215 8
604067 574091 5
321517 569562 4
351815 574947 4
401492 790336 1
409291 431539 9
361370 552483 4
328423 161604 12
816056 542574 7
537514 179689 13
486326 174643 13
379388 567285 4
350428 392503 9
336549 565597 4
111174 539350 3
401730 354294 9
682241 850176 2
776000 780347 6
803603 327255 11
324442 567881 4
298800 824277 0
618009 867493 2
750459 800215 6
148080 544056 3
473316 162622 13
360165 553303 4
697959 614701 5
728743 850843 2
673953 835926 2
384467 407359 9
519201 139101 13
683585 905984 2
136531 557658 3
261120 804153 0
236740 853169 0
225916 843329 0
505044 180646 13
597620 586226 5
419151 577335 4
322209 547247 4
344380 183817 12
800845 311838 11
416359 786189 1
115363 305575 8
375353 117180 12
258201 153095 12
193502 557364 3
122360 357480 8
233931 838374 0
317771 154916 12
402851 395579 9
606111 617846 5
261538 525920 4
893106 176595 14
623248 399928 10
473933 191767 13
154964 554923 3
621278 888326 2
427388 815258 1
878859 540155 7
310386 171068 12
94458 533883 3
468907 448885 9
674472 860330 2
850945 161669 14
807421 317527 11
797205 313318 11
627580 840406 2
430686 844506 1
801780 318992 11
486870 146947 13
638559 558807 5
854909 149938 14
843150 156573 14
782642 275308 11
782506 279930 11
620818 396967 10
814045 332998 11
366146 196571 12
801810 728106 6
838239 576018 7
138965 558201 3
424089 352640 9
601376 579831 5
367641 556309 4
512900 219252 13
319829 168353 12
149906 546909 3
615325 383841 10
256949 820470 0
677362 853471 2
327695 543105 4
402227 414685 9
618446 372298 10
137098 384889 8
551291 576721 5
801903 312794 11
298665 568245 4
828147 808738 6
155625 262321 8
891699 170415 14
689363 817577 2
803464 329093 11
857972 160214 14
605107 563429 5
794667 315069 11
555904 640401 5
622636 456843 10
826585 366934 11
814605 354382 11
671404 857240 2
144401 565666 3
875625 599766 7
579564 428498 10
859515 505303 7
670957 810768 2
230049 865536 0
378648 579579 4
793875 473793 7
228611 836717 0
418963 746595 1
497815 165151 13
313573 109221 12
408147 436628 9
477746 163845 13
798981 311092 11
416926 785113 1
814379 132655 14
396517 394572 9
170022 347877 8
346942 152780 12
141991 539522 3
170688 343596 8
233105 591646 3
825716 373098 11
808717 335740 11
571334 594145 5
294053 878220 0
613351 407952 10
598184 531473 5
798904 324420 11
397889 398501 9
859298 139834 14
170002 370000 8
483807 198925 13
851088 157432 14
617573 386848 10
762269 792243 6
861656 545794 7
604554 393193 10
376145 414107 9
850959 157920 14
653592 959882 2
315965 587160 4
811913 325091 11
130582 565948 3
447192 359893 9
325767 164095 12
822224 742716 6
806192 337849 11
477155 161019 13
324518 167369 12
286663 846902 0
890613 567037 7
797009 293194 11
620330 398630 10
121786 564225 3
407814 765816 1
626539 394908 10
628655 321099 10
327738 559624 4
180519 368284 8
257134 845851 0
159683 838958 0
163981 344090 8
842786 614034 7
613536 395801 10
801177 737548 6
553038 606418 5
610330 552628 5
541976 512639 5
597421 554767 5
690968 555952 5
314666 849163 0
895245 150977 14
560237 500154 5
673267 883727 2
520809 176718 13
877422 134877 14
808779 732990 6
115287 602637 3
881106 105566 14
721401 951880 2
765283 249459 11
483776 213021 13
657985 453405 10
506142 170513 13
394846 407130 9
839280 539324 7
632390 363198 10
672565 564468 5
805237 318655 11
822664 720677 6
571043 347389 10
839493 521150 7
131109 568012 3
394599 409068 9
376660 815936 1
563460 480559 10
814561 575281 7
492551 434649 9
265299 859533 0
657455 567754 5
165356 570715 3
304283 183656 12
404359 783919 1
629718 558104 5
598759 582942 5
136569 532130 3
217686 296514 8
533577 355107 10
688015 533535 5
478361 409520 9
769656 721159 6
612392 916853 2
386068 422517 9
835428 731189 6
123441 594415 3
865489 548920 7
142663 556520 3
801493 322249 11
245678 821691 0
94933 588147 3
589994 610890 5
860473 545982 7
357275 551101 4
328586 551385 4
401313 405195 9
385140 796221 1
380281 205779 12
179483 359645 8
862334 747768 6
202913 525966 3
318266 171979 12
170494 560892 3
837718 761480 6
596891 579476 5
459230 803720 1
617178 414525 10
209922 850026 0
333805 148479 12
840335 164912 14
920249 551171 7
312726 853829 0
167330 332452 8
674961 865594 2
605876 550640 5
665845 557965 5
878184 487392 7
231263 863308 0
376493 366302 9
624599 417673 10
306421 145493 12
99569 523174 3
516963 174184 13
657981 866945 2
339115 566863 4
171471 576787 3
403365 215735 12
137699 556769 3
141113 351050 8
800816 176612 14
143912 595772 3
664260 859029 2
887269 166179 14
803457 735855 6
265815 540385 4
797787 301470 11
279010 181792 12
694897 834591 2
721905 378957 11
798472 322218 11
366688 562413 4
392140 769924 1
597173 575538 5
660103 414557 10
798983 325682 11
641976 577433 5
400548 402390 9
810253 323873 11
669713 851017 2
344314 595915 4
794142 306704 11
784164 285702 11
227819 900986 0
826499 142732 14
295375 861990 0
623386 387031 10
251958 886571 0
812295 728049 6
870936 575427 7
491145 206344 13
137967 354539 8
406233 813072 1
436034 385951 9
324337 162686 12
153583 352282 8
488330 173837 13
645677 814395 2
137172 523482 3
386377 574187 4
146678 558942 3
339640 561426 4
95749 602775 3
818622 370753 11
420509 788730 1
241166 845204 0
683252 858182 2
165945 345849 8
140717 554093 3
628131 406850 10
332960 569308 4
490271 216725 13
692386 863386 2
710910 464586 10
806888 492319 7
462658 75167 13
833182 379714 11
820675 168154 14
619339 401624 10
164847 287064 8
605913 579526 5
801609 320399 11
786227 765634 6
286990 529505 4
905770 531812 7
511484 160453 13
874544 686096 6
448649 813885 1
850904 720163 6
222682 806314 0
419118 421655 9
780153 136449 14
860721 547751 7
399460 399410 9
866973 550375 7
452570 848127 1
802089 313456 11
853348 525893 7
877413 541536 7
344791 578536 4
618157 384990 10
769546 554722 7
198197 344933 8
403522 785432 1
178264 330827 8
181463 326571 8
329905 579935 4
432892 815223 1
474652 193224 13
836647 167267 14
847292 559228 7
765011 607246 7
142000 554964 3
857360 562228 7
502302 210265 13
168067 340249 8
320972 170417 12
810903 332925 11
109090 326101 8
331987 568997 4
809552 342258 11
94571 528963 3
873136 513309 7
395168 404189 9
846741 539481 7
797947 319734 11
513957 139202 13
159428 300364 8
620610 395343 10
392046 391220 9
863859 546898 7
328438 532686 4
906640 587296 7
315963 174031 12
356280 185198 12
683580 872374 2
812240 177846 14
895835 123485 14
866928 716961 6
436641 55171 13
238260 882489 0
283784 178305 12
691716 873426 2
814105 723255 6
603472 894573 2
448231 384406 9
341721 576427 4
283576 809069 0
788220 301915 11
290700 196285 12
800152 576217 7
358793 547046 4
240308 844341 0
849118 571562 7
862189 735684 6
847423 161535 14
410019 732704 1
490956 124550 13
270201 236813 12
122755 434879 8
857846 153281 14
627968 574625 5
604438 574666 5
641070 424917 10
635690 608046 5
445199 763833 1
399693 395271 9
736557 897961 2
138525 534268 3
679465 399014 10
855074 542557 7
817619 181929 14
544539 180391 13
846622 553552 7
331381 162660 12
159120 340829 8
864059 545894 7
415598 786499 1
192460 388323 8
469422 822619 1
144306 328086 8
571692 449353 10
139911 561185 3
364455 436191 9
811061 333595 11
224681 858432 0
417146 822655 1
350283 559840 4
266977 887963 0
603945 361794 10
565829 395454 10
125840 520239 3
658034 897179 2
797918 694723 6
606486 420054 10
334785 565575 4
879805 547494 7
569422 567790 5
97430 598804 3
892382 513991 7
494000 189403 13
129332 360811 8
842907 133992 14
598671 854219 2
335970 846828 0
706906 885612 2
610199 394579 10
778414 260729 11
397735 448097 9
801102 759330 6
689628 868984 2
385804 393101 9
293864 241877 12
672059 860501 2
802254 320673 11
623502 420376 10
345234 188822 12
179931 536588 3
604168 555003 5
389392 730768 1
237689 839510 0
421352 799127 1
674151 853540 2
229567 855332 0
600202 622079 5
685821 816579 2
875825 204959 14
355168 114823 12
245740 814541 0
509223 177592 13
898736 548642 7
895680 609341 7
430747 776261 1
546640 560043 5
112379 547679 3
478442 125560 13
402666 814060 1
249857 844975 0
679799 858680 2
601369 411415 10
269126 508814 4
502355 164119 13
202053 322650 8
183970 355973 8
383197 409869 9
413946 786971 1
638966 486628 10
795124 696429 6
617447 366176 10
583653 652182 5
174438 319075 8
134695 350397 8
629789 426313 10
197849 575524 3
871873 509094 7
310529 141617 12
489062 200329 13
551236 401856 10
838129 404012 11
600039 557139 5
234219 845270 0
666516 859837 2
856619 544008 7
377858 811790 1
623498 399288 10
643965 366316 10
276635 875623 0
876503 659112 6
803959 315173 11
803470 319069 11
373339 398565 9
170271 306395 8
817119 336333 11
867801 548156 7
341775 425156 9
627912 593892 5
668228 858122 2
608557 590278 5
818668 120458 14
818063 797960 6
797111 302781 11
491442 116195 13
764997 249477 11
419485 804779 1
341137 78287 12
515348 184750 13
865489 161762 14
653024 367312 10
398255 405428 9
803057 331037 11
456821 105575 13
160280 493497 3
605891 428146 10
813092 739043 6
527753 213985 13
207218 589497 3
322936 368566 9
236431 844100 0
876863 176593 14
679237 862389 2
620955 389692 10
893991 544467 7
508805 429073 10
864667 143614 14
619445 567491 5
605899 412428 10
814108 344096 11
793892 313943 11
513362 223841 13
414860 773921 1
377042 182019 12
849343 713993 6
396118 794614 1
642843 909185 2
694308 904062 2
606011 569426 5
558817 576255 5
564416 878492 2
871780 158486 14
342901 582886 4
538228 168834 13
442979 803024 1
621778 364695 10
880275 564545 7
650054 432740 10
800655 320227 11
484678 123623 13
652349 321291 10
618869 577243 5
811971 664520 6
502500 176532 13
687325 883004 2
793684 312065 11
140989 537156 3
415806 783594 1
850376 739749 6
509383 167302 13
162040 316797 8
338084 560295 4
605073 372055 10
245707 844466 0
879104 595389 7
615649 429323 10
289423 559134 4
396710 378698 9
247210 859012 0
156041 295117 8
335003 151395 12
803277 319525 11
241545 838673 0
793669 724513 6
660333 393215 10
593490 623110 5
165886 348709 8
376613 159699 12
594112 399331 10
644693 867371 2
834036 144156 14
793560 285392 11
858516 151301 14
313783 177198 12
375971 427549 9
806982 316680 11
546565 151576 13
210499 526471 3
330482 571217 4
816393 185056 14
801931 317202 11
415895 775793 1
862642 159379 14
649968 371445 10
619637 395224 10
311433 134432 12
862925 243856 14
602013 574722 5
674365 860819 2
802431 322048 11
869718 536928 7
141860 324304 8
335999 549795 4
396556 406492 9
809259 345634 11
856437 532452 7
819541 117296 14
382222 441817 9
677896 867053 2
617755 401065 10
460942 779073 1
846693 429031 7
834293 161575 14
415233 441297 9
871689 155981 14
352209 548608 4
689948 850548 2
839121 736259 6
396520 405610 9
273165 852766 0
607084 595500 5
412677 786951 1
658735 399039 10
889805 522039 7
185696 338006 8
424811 413300 9
540783 626497 5
225991 869734 0
871981 649086 6
473093 188791 13
297183 841456 0
123905 508486 3
662684 813662 2
449571 387141 9
906396 535803 7
417016 774869 1
395246 392783 9
578509 923881 2
617764 397102 10
807446 342555 11
507741 178883 13
340048 131847 12
337811 558454 4
601339 571609 5
844357 163402 14
353335 592567 4
791470 751113 6
603359 589262 5
559076 190770 13
331862 169092 12
178495 373915 8
113068 317574 8
795909 462864 7
256082 831969 0
160369 353500 8
781260 737962 6
844400 150812 14
410969 770451 1
257093 801567 0
128669 574591 3
561725 168220 13
340383 600071 4
430001 765803 1
411488 837715 1
125902 318850 8
848783 748980 6
352381 592377 4
550216 184337 13
628715 434772 10
790612 738038 6
268938 211870 12
536623 213083 13
778965 282290 11
848628 503773 7
829398 724900 6
800447 331643 11
863102 545783 7
491609 180519 13
107965 535173 3
445043 152257 13
713579 879202 2
522728 184704 13
798056 714380 6
415564 784464 1
865157 562132 7
314791 163370 12
879031 489881 7
461751 817277 1
225786 529417 3
445674 768552 1
613840 534167 5
403329 717870 1
802853 314938 11
842281 175525 14
824560 133679 14
801204 755177 6
867125 168762 14
392795 817694 1
320400 160020 12
830159 134329 14
407289 798870 1
451670 388347 9
857363 154639 14
666315 872311 2
168886 353913 8
854338 135067 14
319283 158983 12
308044 164482 12
662177 420431 10
468350 395883 9
850533 160136 14
285152 520229 4
843572 784897 6
508080 175697 13
840406 538772 7
306540 193434 12
667472 570571 5
338753 563384 4
608923 385575 10
874312 574582 7
296775 572432 4
357253 388075 9
623137 408209 10
436951 814456 1
812869 346251 11
351564 573155 4
315850 573154 4
823618 734216 6
857818 534525 7
324444 166910 12
299821 866288 0
139601 914203 0
932662 537069 7
805080 323708 11
306346 523584 4
213022 338238 8
508797 176269 13
716139 621721 5
149269 341445 8
160835 347784 8
852423 159874 14
142899 329415 8
520819 181586 13
327973 534972 4
508907 173787 13
857648 511640 7
882007 593653 7
188093 324040 8
535453 200970 13
797105 316002 11
705929 851313 2
394912 755947 1
402710 424367 9
786245 292352 11
186914 361706 8
186806 334070 8
870247 121460 14
334983 572690 4
340064 550509 4
98533 355691 8
161448 373412 8
141699 530028 3
546632 599204 5
414448 429790 9
628696 542447 5
288954 846991 0
306357 123397 12
521153 242968 13
792990 685472 6
823676 152154 14
333901 532836 4
102983 382712 8
827711 732798 6
234604 822462 0
139451 549580 3
330455 568758 4
352874 807952 1
323905 168029 12
267521 119941 12
886532 500026 7
331366 567311 4
817252 730254 6
829133 735488 6
222727 770963 0
804936 148980 14
442915 420573 9
707100 601463 5
268289 878265 0
391384 413273 9
201567 881003 0
513562 229098 13
176092 531921 3
672474 868765 2
174834 411644 8
400727 396769 9
651740 589474 5
849327 548496 7
846324 557586 7
250003 859517 0
823584 568458 7
818756 743887 6
251070 877802 0
155274 552551 3
612485 518009 5
665048 854911 2
884613 507507 7
293350 175997 12
332237 911313 0
807420 168787 14
801910 325434 11
243951 865415 0
481356 162127 13
416039 730594 1
139299 314046 8
846646 548548 7
328331 541094 4
423311 813081 1
802482 335269 11
457554 795861 1
830065 739162 6
141222 572556 3
648429 422590 10
574369 207483 13
675858 410545 10
842719 506205 7
159302 337993 8
188992 563992 3
447833 819282 1
505512 203857 13
137657 611252 3
318823 565345 4
581240 362971 10
362027 150348 12
295357 842293 0
856753 145184 14
343717 559909 4
678869 902492 2
308726 371721 9
832589 782799 6
125756 579609 3
861994 160156 14
559933 403956 10
237757 834092 0
590583 623314 5
179793 483378 3
818251 731938 6
925485 596955 7
614683 367259 10
693783 860206 2
627727 578737 5
473202 140745 13
140962 518168 3
646422 900526 2
487952 168607 13
139474 569485 3
126702 351222 8
579773 568698 5
178005 594957 3
685551 798742 2
872285 750708 6
268672 508874 4
443618 157237 13
857833 170565 14
291228 101272 12
524397 239456 13
611954 360938 10
338950 572545 4
860951 162251 14
509773 148899 13
634973 450542 10
404273 429948 9
347630 120931 12
881789 727577 6
177505 332053 8
117212 565692 3
165284 425978 8
359520 132845 12
170425 316185 8
354529 573677 4
822474 780882 6
161475 587507 3
854012 157449 14
284757 175853 12
661430 603567 5
418149 790096 1
629978 400626 10
105568 584102 3
232047 522748 3
336023 416862 9
619628 399433 10
850577 157049 14
137740 618961 3
330881 579058 4
365567 547606 4
862785 579661 7
328775 156501 12
219498 851932 0
683098 847245 2
800483 320713 11
179463 361279 8
651828 468138 10
321657 538660 4
619475 400592 10
300021 159185 12
385338 440797 9
638823 411764 10
136606 562296 3
819670 183364 14
270729 67329 12
631365 450732 10
823108 733302 6
322101 164171 12
710082 881600 2
631182 565466 5
294653 104623 12
821079 800206 6
412861 434751 9
345703 149860 12
198583 860431 0
372424 413163 9
793855 298525 11
679818 860064 2
820253 714625 6
803540 754792 6
361138 551307 4
821151 366545 11
405902 394724 9
170816 547069 3
925732 210388 14
360319 778673 1
893145 551400 7
444610 400247 9
506069 169723 13
410418 409414 9
279008 521035 4
321910 573825 4
128953 304971 8
861381 546835 7
801662 318423 11
355499 224982 12
799021 326404 11
514981 172608 13
601182 582584 5
156430 615117 3
397137 742547 1
613037 419086 10
410682 349328 9
242247 864253 0
381863 416651 9
170788 373545 8
680646 375662 10
844066 546029 7
414374 439977 9
819843 570485 7
834171 189042 14
405325 407466 9
261896 897475 0
199043 270173 8
156984 430950 8
840886 397888 11
138122 557230 3
604546 847329 2
383894 179880 12
163796 345091 8
198415 321418 8
905005 164126 14
601187 531825 5
506288 177990 13
825141 535997 7
507092 175151 13
868317 177001 14
595063 328609 10
238492 833394 0
363956 609339 4
795322 311178 11
291782 159562 12
507311 177795 13
261796 819395 0
618349 397614 10
419200 403389 9
358830 431609 9
824594 741664 6
520880 200955 13
808452 320117 11
852503 146551 14
379128 418858 9
417617 414816 9
56907 586609 3
813436 360446 11
417023 771194 1
138012 558263 3
213208 833959 0
656156 868643 2
237750 837381 0
520759 184923 13
154268 542573 3
601390 453925 10
331667 570387 4
833437 556713 7
191257 802651 0
225356 318394 8
377588 402670 9
519962 175210 13
343450 570659 4
837019 215527 14
868979 528502 7
493070 189771 13
814553 164190 14
769876 257669 11
908069 146564 14
144242 557674 3
636628 533309 5
559078 570088 5
695514 321521 11
612936 398723 10
198908 372797 8
838808 524944 7
848137 87922 14
835128 212354 14
164915 350360 8
415881 584352 4
864494 136669 14
296892 901182 0
634800 823669 2
127503 623654 3
366654 802105 1
821895 732158 6
260943 889692 0
508535 830710 1
387631 749416 1
804979 334141 11
549945 372313 10
405542 600089 4
509951 176794 13
900360 153622 14
336336 563145 4
278326 829095 0
388743 388465 9
888697 143969 14
220869 407358 8
232246 844226 0
811745 461099 7
605650 447537 10
304086 576100 4
202627 179376 12
862002 534006 7
169569 346955 8
833499 504718 7
310591 841778 0
170616 352610 8
230107 858332 0
800804 316615 11
371779 814715 1
804408 337683 11
154162 536416 3
638783 399478 10
197735 355477 8
508789 174256 13
793019 764859 6
247613 815836 0
139237 548782 3
210162 860529 0
338342 566864 4
257856 846423 0
383992 398245 9
885793 172115 14
544056 577786 5
839339 726322 6
912023 160368 14
800041 318331 11
406337 750353 1
496006 191010 13
361875 448199 9
223408 520131 3
444336 820061 1
874877 535143 7
368060 76739 12
655201 411873 10
684568 380640 10
791199 164843 14
616060 590779 5
828038 149181 14
344237 573700 4
818209 719382 6
878749 188759 14
241138 844374 0
804706 788001 6
705518 925936 2
157193 350343 8
238084 844799 0
617428 397343 10
808710 330379 11
456025 389630 9
335121 214149 12
534461 178056 13
400055 131725 12
240221 843932 0
663049 843538 2
391970 419802 9
801782 318281 11
518068 137556 13
582015 546191 5
310693 154278 12
843911 730036 6
533931 173291 13
851568 114049 14
244257 776516 0
438437 730300 1
779437 281959 11
519113 194925 13
133023 574572 3
856924 169071 14
704570 845515 2
139434 557410 3
287127 192494 12
435067 403802 9
411796 581307 4
136301 569544 3
627679 395601 10
392576 406460 9
159654 381778 8
373684 418326 9
333789 151168 12
682420 846881 2
860106 157080 14
700747 821557 2
867533 542290 7
622557 361134 10
159496 331641 8
499676 196897 13
380749 403860 9
523036 123677 13
337889 558031 4
397213 377839 9
141861 328909 8
519003 160741 13
856167 542249 7
520782 134308 13
380139 434251 9
345840 561591 4
517882 175467 13
117089 561455 3
441415 780207 1
203667 577260 3
283571 109326 12
353145 580916 4
877835 151890 14
207804 354938 8
599870 591110 5
615665 405490 10
113099 546732 3
333143 200298 12
816615 770855 6
614943 540976 5
841353 125628 14
866560 165110 14
545957 196749 13
813561 583156 7
382396 405483 9
722463 882675 2
660459 860658 2
805089 762512 6
331795 529654 4
514173 139330 13
294310 563522 4
361227 221878 12
216975 296647 8
397918 462032 9
688118 911574 2
584077 398498 10
264565 859237 0
428513 456990 9
109912 565003 3
519680 208378 13
324966 170021 12
325125 564342 4
311065 219934 12
567105 437623 10
425019 759577 1
808489 317021 11
415993 776671 1
460198 402706 9
133795 360518 8
898916 630099 7
401708 409924 9
910435 171155 14
609796 532982 5
856349 158150 14
499637 194036 13
408712 803987 1
832154 559403 7
418155 819422 1
387103 401925 9
860230 528054 7
181561 358111 8
348893 195430 12
452791 156805 13
528679 199079 13
549384 208450 13
318215 180010 12
829623 732301 6
459556 818479 1
424840 479570 9
557378 567033 5
853554 158012 14
385257 791581 1
409244 460295 9
174656 393278 8
182499 310438 8
830445 186055 14
144620 575370 3
222704 824909 0
605284 556134 5
591725 406549 10
367751 578289 4
396621 381952 9
659297 373975 10
419721 789724 1
636291 360636 10
329002 727685 1
859177 143273 14
353583 554147 4
252586 806474 0
163925 576666 3
808777 512952 7
850787 125678 14
417447 782955 1
620330 396776 10
473361 185066 13
389510 370897 9
663578 586265 5
874110 541972 7
841843 503359 7
270899 175377 12
588100 557588 5
823740 169808 14
541455 223176 13
344239 530765 4
818932 728481 6
309399 838744 0
868442 160118 14
151164 332239 8
832054 751330 6
201080 823689 0
423146 737571 1
407504 803363 1
320718 158610 12
800461 326821 11
663095 949045 2
603388 403039 10
591955 378142 10
314479 178821 12
800316 311699 11
213775 841758 0
370259 585265 4
613682 399434 10
161345 350804 8
311819 140674 12
505584 176135 13
398724 404179 9
872241 556733 7
568824 570203 5
603055 589818 5
417795 405673 9
467697 168082 13
840059 534876 7
616926 398697 10
486997 164803 13
224694 848663 0
341446 538787 4
571669 873544 2
211584 591058 3
790395 300024 11
274505 864723 0
296164 96874 12
95071 503965 3
307913 91419 12
817640 730018 6
241485 523039 4
682053 853410 2
486422 178919 13
820947 730529 6
663168 859429 2
274685 883097 0
601900 569391 5
185966 359964 8
854979 539793 7
465734 114090 13
875990 133950 14
311328 159477 12
435926 408504 9
603126 497987 5
110877 562558 3
803448 314797 11
769386 259892 11
700341 869730 2
576158 210283 13
839088 528460 7
333787 189423 12
146183 622188 3
672212 860894 2
836874 555991 7
568546 564911 5
567861 856582 2
790738 308028 11
377408 395123 9
392919 405103 9
823987 687499 6
621537 390372 10
393825 453067 9
593840 578685 5
211265 396792 8
311093 169734 12
538571 654649 5
671235 856653 2
374695 563163 4
228095 843338 0
282066 560178 4
644843 838626 2
566666 195255 13
528011 201615 13
130440 562623 3
818739 545052 7
680261 863401 2
870337 534303 7
165657 338722 8
820367 732364 6
496069 102201 13
535034 172649 13
392447 408539 9
389552 750700 1
424241 452915 9
709254 847444 2
511368 173673 13
506361 225237 13
832238 725434 6
136580 553967 3
391439 399819 9
95899 530846 3
528938 174372 13
177728 352687 8
379593 380662 9
514551 176526 13
551798 221411 13
238748 551038 3
593398 559764 5
846772 509036 7
844948 563321 7
718088 852181 2
849599 157084 14
833661 389733 11
905936 150106 14
908409 591215 7
375233 399429 9
849404 170474 14
291723 177824 12
172116 513383 3
514722 190943 13
808069 134402 14
660327 585901 5
224241 828996 0
470314 178936 13
165881 364469 8
415495 116126 12
801588 319814 11
611508 503220 5
851010 157593 14
103153 601002 3
658884 390135 10
615094 383077 10
270404 183080 12
877711 703850 6
474516 189144 13
332586 566187 4
879500 590791 7
397561 815245 1
185935 554627 3
630491 379017 10
166973 341636 8
399753 404222 9
817776 525600 7
368200 364844 9
836433 200181 14
858325 586062 7
86243 559135 3
858058 196183 14
480128 785580 1
119496 543146 3
768565 762193 6
700340 335010 11
635324 420555 10
179609 408365 8
87236 607429 3
600996 890782 2
666135 430421 10
416763 96639 12
883537 210648 14
48143 523870 3
606289 670243 5
402677 412615 9
429515 393708 9
334350 556417 4
422917 781112 1
315830 102777 12
335476 183897 12
858867 700187 6
560393 389490 10
179834 541387 3
451753 383440 9
325871 558965 4
64979 538104 3
146120 576624 3
755829 751858 6
192885 887667 0
868025 569296 7
796609 319691 11
610698 396326 10
397399 403186 9
610026 444858 10
678195 860537 2
619427 396945 10
816390 711340 6
657184 855509 2
863995 150435 14
633304 366062 10
115781 594942 3
774526 757135 6
337298 565486 4
505128 175022 13
537211 376777 10
667639 571164 5
603021 577991 5
857283 548467 7
604415 571400 5
874672 104851 14
505293 194591 13
487472 166999 13
675866 868784 2
362753 369848 9
852410 187705 14
875311 542259 7
674905 876286 2
723397 859761 2
526559 509417 5
624452 584622 5
391966 387214 9
683413 861559 2
166904 503121 3
673646 857346 2
618449 404599 10
866760 753547 6
312123 419763 9
125005 540340 3
208494 850615 0
402367 782997 1
483423 111797 13
520461 173217 13
823113 733720 6
238308 790723 0
800133 327081 11
414249 796590 1
825080 746712 6
460616 174810 13
327608 177638 12
486224 196184 13
319208 164182 12
695092 820091 2
140612 350010 8
647354 579190 5
822293 786837 6
346144 560472 4
442260 754050 1
694451 863981 2
186361 351075 8
512051 145220 13
823417 701523 6
141771 551655 3
341329 565571 4
339967 562602 4
589344 563119 5
162921 317643 8
159472 372246 8
572029 518313 5
803839 310353 11
102460 533057 3
178235 346006 8
540029 563888 5
826228 376658 11
376557 109320 12
541435 206637 13
412767 593558 4
114108 540537 3
509522 174376 13
568570 579335 5
672668 861428 2
315333 144566 12
176506 351827 8
679211 886670 2
850888 736810 6
