244069.21238938053 847518.0914454277 0
417332.14240506326 787518.7626582278 1
670929.0681818182 862765.7329545454 2
134948.94785276073 557639.3220858895 3
330275.63976945245 562277.7291066282 4
606057.7818791947 574532.3691275168 5
823261.2050473186 731693.3470031546 6
858890.0826210827 546818.1538461539 7
167856.14071856288 347812.7155688623 8
398870.0484330484 404924.06552706554 9
618401.4569732938 398993.69139465876 10
802961.327922078 322708.06493506493 11
318258.3685800604 162406.85196374622 12
505293.2638888889 174444.49166666667 13
850528.7507507508 159121.7027027027 14
