514622 206979 13
300294 178772 12
502915 183059 13
322140 165212 12
841289 701474 6
834483 173379 14
371548 414612 9
851517 541076 7
602887 595245 5
338935 567577 4
328657 564864 4
240213 118409 12
801667 318542 11
818079 108536 14
521005 163218 13
491382 122267 13
626811 372435 10
406184 394506 9
639394 576728 5
461701 188438 13
618893 419740 10
861966 562885 7
368617 554066 4
133744 308918 8
873672 734440 6
261093 844962 0
844536 424646 7
174410 372064 8
801539 318482 11
315488 160339 12
803377 319212 11
848135 130674 14
305292 175260 12
845303 150476 14
396583 82842 12
321245 141627 12
880362 706363 6
327403 548875 4
860507 526669 7
674492 861230 2
407189 437102 9
327927 168535 12
245783 109229 12
383075 447616 9
377975 461076 9
144570 573936 3
346358 384801 9
352424 557574 4
870214 556246 7
368724 598412 4
452457 597461 4
621726 578003 5
846575 159002 14
866851 129505 14
803386 318982 11
305333 171939 12
905849 524809 7
312337 154488 12
674463 862486 2
812634 554848 7
502001 166223 13
838609 140215 14
334549 579199 4
146070 316860 8
332913 385678 9
797272 324228 11
822425 727248 6
608768 610525 5
847644 164348 14
814732 734183 6
866878 501919 7
653181 886417 2
535787 199735 13
796953 726378 6
690195 475150 10
325861 203058 12
618600 551446 5
409823 412908 9
502877 192740 13
856561 128799 14
879221 655497 7
600114 413216 10
512715 181316 13
812965 330224 11
632952 385722 10
440782 782395 1
405652 622938 4
801551 320544 11
321924 527106 4
315013 318367 9
276741 143844 12
631297 578351 5
169228 364545 8
347079 803582 1
248931 844960 0
374117 546122 4
567565 573952 5
365147 790525 1
507862 172954 13
416750 435776 9
288068 561932 4
460371 780609 1
801055 321833 11
863391 126214 14
453154 776082 1
495388 156422 13
421187 779726 1
293746 544468 4
704574 866263 2
828589 652430 7
427850 762201 1
166290 521714 3
345123 577788 4
240171 843940 0
363959 810632 1
844088 150085 14
808097 502521 7
837880 444574 7
495165 163113 13
849653 143827 14
113259 568684 3
600032 575310 5
402109 430185 9
308555 134011 12
138734 557713 3
332246 172932 12
458538 786673 1
803962 731228 6
659193 384523 10
823856 749355 6
350117 535859 4
166584 349245 8
412388 784064 1
347039 195468 12
353939 570931 4
31842 565765 3
766617 548142 7
616561 619007 5
245258 799882 0
453261 148432 13
820707 705318 6
410610 765111 1
274070 798617 0
835648 756631 6
818338 800932 6
821337 733356 6
224083 852922 0
247939 831010 0
342963 582232 4
624293 333944 10
219779 330969 8
674311 859933 2
176602 574552 3
807696 320548 11
494574 198972 13
504372 165819 13
877125 161227 14
380609 185976 12
881571 532467 7
460133 173081 13
873532 712802 6
861069 548327 7
373191 88470 12
155505 355581 8
380458 329635 9
835702 176502 14
397331 407010 9
431117 394746 9
320827 519618 4
738190 371970 11
505078 219082 13
832490 450680 7
244966 841126 0
316313 570785 4
401411 414503 9
141718 549576 3
591851 569051 5
276794 384458 9
94249 600812 3
399149 784376 1
332270 556288 4
229857 843917 0
198294 552987 3
639613 388524 10
683321 873932 2
601967 604428 5
927170 250593 14
800959 322309 11
628264 616214 5
667131 849230 2
134449 557556 3
800235 316652 11
800565 319364 11
312386 555195 4
321262 178491 12
851840 110475 14
482568 159010 13
247892 115217 12
95074 570002 3
613921 394043 10
331616 565089 4
797400 315778 11
608747 363132 10
674236 877152 2
141641 557376 3
365223 422531 9
258527 856273 0
169293 348686 8
159711 352701 8
880958 588608 7
186082 330058 8
675633 863416 2
849858 524682 7
501416 172980 13
658590 886551 2
894268 532597 7
357737 597104 4
819439 735945 6
243941 843256 0
372621 772258 1
855656 162100 14
359036 365793 9
528826 154067 13
843344 604964 7
140121 346875 8
295311 115000 12
419520 778231 1
377215 418429 9
416893 347737 9
730287 897070 2
344482 215846 12
187324 377187 8
869960 562146 7
454160 102568 13
185661 404482 8
222445 891438 0
168079 347343 8
637332 414017 10
688712 568754 5
803370 318247 11
801456 320080 11
811389 723618 6
800667 315995 11
333934 537464 4
850925 157811 14
624369 532153 5
145251 553486 3
241972 840749 0
185071 362905 8
549642 157506 13
292402 184441 12
790206 747165 6
321775 164846 12
467107 817914 1
410506 395586 9
639507 438534 10
817862 732248 6
680969 838864 2
221233 538472 3
669748 863109 2
870801 476330 7
684558 878573 2
392424 375266 9
407694 718592 1
171848 343242 8
873527 126426 14
391976 789416 1
825690 703854 6
848563 117708 14
687078 791051 2
185919 363092 8
610722 418243 10
799667 316830 11
343247 564376 4
863042 557890 7
617689 397001 10
627452 835854 2
392728 411341 9
302353 545544 4
593061 579188 5
239344 814789 0
441950 785934 1
895565 501870 7
169876 340860 8
853874 560250 7
797178 310439 11
800872 672603 6
382419 110392 12
173847 514665 3
800865 312968 11
176433 350561 8
803031 325811 11
411674 402377 9
786495 759000 6
600582 599535 5
209553 326461 8
908506 549611 7
849537 157510 14
794991 291216 11
806131 312752 11
420319 794333 1
338588 543875 4
672598 856928 2
404782 557913 4
866987 154415 14
826192 577784 7
426115 814461 1
797415 319840 11
622101 371771 10
386373 606623 4
937823 540173 7
617444 397675 10
749941 916922 2
879902 518646 7
830583 710990 6
642881 403147 10
726847 875488 2
625579 551084 5
605310 394011 10
852730 769968 6
588597 622592 5
179472 342273 8
919544 541255 7
676694 851597 2
673514 390760 10
784838 771499 6
828531 731300 6
521151 152439 13
665308 868551 2
667620 855461 2
858151 548242 7
846484 719360 6
865020 550686 7
658103 572250 5
500225 177559 13
756701 207223 14
357923 192120 12
813791 334609 11
664325 877878 2
804190 320706 11
602365 916673 2
258975 837353 0
297022 574097 4
264798 767716 0
430167 811490 1
367398 701756 1
599808 596484 5
136967 565662 3
303269 531608 4
38179 532155 3
377941 403683 9
838367 536676 7
507831 181513 13
175781 341039 8
610980 522819 5
868493 677155 7
858537 548576 7
396150 430329 9
201753 569116 3
599766 409755 10
200005 825237 0
400473 408327 9
593887 210595 13
770113 241615 11
827031 734324 6
820327 352701 11
317217 163896 12
867993 162841 14
868375 161990 14
434080 785264 1
346079 220993 12
267478 894783 0
819438 662327 7
321556 163352 12
681608 436537 10
143592 606949 3
871597 185239 14
792179 148539 14
347197 591316 4
127202 525948 3
675988 841317 2
558770 390646 10
620685 880813 2
683610 910782 2
835030 668528 7
797804 715342 6
355924 577596 4
679788 889464 2
424476 781552 1
800913 749332 6
508596 173640 13
693362 837786 2
155430 549012 3
822533 758955 6
680592 858526 2
119535 551857 3
673449 860643 2
828297 715480 6
561110 219865 13
582777 542670 5
84501 604671 3
688098 908495 2
412111 418466 9
336085 170252 12
249370 872804 0
417197 778243 1
649412 856993 2
178319 318244 8
504754 150226 13
599647 858702 2
572244 349463 10
424190 780052 1
373360 784232 1
820350 748217 6
516888 152451 13
676360 866112 2
437116 148591 13
276703 559740 4
143363 551365 3
340996 170964 12
155943 576199 3
870826 524625 7
488800 197919 13
696257 894819 2
260922 785987 0
332201 181702 12
281548 175184 12
408992 462226 9
608195 447380 10
184798 392233 8
245254 907991 0
368864 411216 9
289719 866638 0
784291 581417 7
220224 592068 3
906772 510158 7
237120 856814 0
148385 538149 3
446538 180119 13
418140 415328 9
317136 563479 4
902302 514170 7
240645 855514 0
819256 201704 14
869369 536868 7
302266 185591 12
321182 150806 12
238328 770068 0
29760 557873 3
341578 558672 4
599215 391457 10
188909 341194 8
386436 791388 1
442826 795974 1
806626 318966 11
147911 328024 8
166323 352927 8
149863 284721 8
830805 370801 11
730887 825972 2
731712 878998 2
299578 572052 4
509173 178051 13
855593 161003 14
459328 805961 1
248276 844455 0
455460 153040 13
816145 349032 11
324093 580491 4
713088 880834 2
321905 573147 4
395210 357805 9
306042 66361 12
369480 377148 9
246047 846189 0
267264 153034 12
587478 424878 10
665828 868934 2
904450 533427 7
611547 411952 10
171074 293610 8
356739 417826 9
474368 812039 1
343851 193618 12
619332 401992 10
507445 193647 13
537836 177165 13
672387 800443 2
374797 407601 9
806176 320301 11
832086 716249 6
118137 579149 3
683656 842406 2
430138 818594 1
321050 422497 9
786719 283364 11
436362 379677 9
882403 534710 7
146681 562995 3
824013 753991 6
612648 772280 2
345903 561314 4
194956 372256 8
609532 388425 10
645563 819480 2
673826 880137 2
464672 193513 13
846216 528037 7
833504 744564 6
838223 766380 6
579712 568354 5
497254 171940 13
607463 477085 10
417515 787648 1
625784 441883 10
292636 520371 4
789833 304422 11
245144 845719 0
166840 562425 3
163190 331719 8
868626 737331 6
637665 858741 2
289002 520678 4
437035 755506 1
677551 860007 2
829482 475863 7
806848 320541 11
365927 571713 4
296627 93375 12
356500 188114 12
641840 886745 2
852687 540692 7
398153 407081 9
718544 888401 2
352220 602793 4
789095 895634 2
158283 570550 3
393424 399084 9
856029 730586 6
424365 371987 9
810817 509540 7
597017 575588 5
574989 407228 10
649088 575733 5
803774 334756 11
281732 221764 12
608601 418450 10
250394 847577 0
601444 572693 5
514876 182995 13
825596 639465 7
241413 845029 0
162124 500069 3
163477 561507 3
380236 460907 9
117874 389929 8
348773 583528 4
844234 153197 14
812152 689907 6
810502 336169 11
794956 309980 11
547270 403384 10
210276 824826 0
617330 369828 10
533351 147778 13
398985 413427 9
801301 316893 11
403160 392159 9
383832 340506 9
786528 104976 14
243511 830743 0
811277 335577 11
816840 539239 7
657879 857942 2
810467 706465 6
480571 204150 13
801526 705057 6
325344 159885 12
472917 830363 1
615826 863168 2
765502 240340 11
399942 385908 9
533212 366954 10
807072 687932 6
824098 714042 6
182618 346663 8
680228 843225 2
292194 906490 0
307747 128551 12
565148 557305 5
151701 574146 3
860986 140320 14
605407 427914 10
244260 847060 0
98675 580608 3
860384 555572 7
562704 570596 5
682304 876841 2
275524 559548 4
386415 801444 1
378347 144880 12
382124 786262 1
246182 840370 0
105444 361358 8
844729 682981 6
869991 705259 6
510901 175806 13
393659 439272 9
139460 557260 3
132705 557674 3
343376 575709 4
877298 565604 7
148319 584541 3
247855 794626 0
687638 439257 10
127372 549518 3
505225 158750 13
500191 192292 13
393903 387227 9
514219 167014 13
506812 167031 13
673028 860593 2
835790 127898 14
837582 763266 6
647103 573853 5
183236 338163 8
794640 313497 11
156945 339397 8
820194 734233 6
607665 447516 10
803216 577565 7
154412 310120 8
290210 818593 0
357467 797530 1
325938 164475 12
511105 122518 13
236495 861569 0
109317 531425 3
545365 210090 13
408689 562521 4
410601 410653 9
688487 383589 10
565483 551512 5
648230 857418 2
143732 279724 8
797594 302109 11
507472 227670 13
527515 831478 1
879722 550246 7
140047 540043 3
495032 203929 13
239387 847822 0
349955 535578 4
695646 652231 5
402069 434868 9
584895 574666 5
130249 579307 3
320000 162605 12
790712 745884 6
822103 732911 6
498389 178069 13
802655 316263 11
429472 860855 1
854342 541611 7
777978 252419 11
407188 396576 9
824185 167369 14
137680 555667 3
831779 577161 7
323747 163351 12
130157 581286 3
803375 311620 11
348847 425164 9
825429 732758 6
325958 573367 4
869167 105039 14
358483 554925 4
158773 588778 3
198251 335402 8
514934 219169 13
855993 225023 14
848151 741869 6
319155 159850 12
293978 197091 12
854463 159977 14
784151 283760 11
800966 317165 11
577773 434308 10
413549 408517 9
404157 406324 9
340693 569371 4
181803 799487 0
598053 438963 10
506815 173387 13
529409 157228 13
143226 522375 3
679747 860939 2
400008 789447 1
111855 531542 3
783666 262902 11
617717 613939 5
800272 316170 11
297110 556485 4
340191 567638 4
664355 831472 2
132497 593125 3
801174 320442 11
861023 545953 7
363857 784086 1
484407 809641 1
324516 522674 4
828001 524066 7
426625 475977 9
598634 619900 5
589244 573777 5
337894 175289 12
870599 149782 14
655237 871554 2
597802 576113 5
158750 312102 8
179326 321160 8
654147 407182 10
645233 927201 2
779897 279572 11
406739 400918 9
522993 595581 5
381617 157000 12
851919 127963 14
140706 547367 3
820238 732928 6
341016 545280 4
825541 151495 14
622550 391601 10
308748 199866 12
331440 551885 4
668772 858570 2
664639 925795 2
348191 165419 12
277860 111893 12
399997 411205 9
140128 325904 8
186503 369651 8
607905 403460 10
390538 157197 12
105353 589239 3
344770 570309 4
340032 561740 4
540364 163758 13
382693 749680 1
855603 542414 7
304399 545221 4
373894 555347 4
817135 349925 11
77875 516899 3
799724 318884 11
437568 794323 1
197362 870337 0
638004 837697 2
570266 188032 13
321519 561045 4
832651 373469 11
334980 143900 12
791722 162000 14
341966 586266 4
841292 155620 14
739318 810528 2
164875 349007 8
830658 368694 11
235671 300234 8
342064 570045 4
610505 851476 2
119237 591137 3
810277 520837 7
385561 718324 1
843833 170416 14
142516 559062 3
118391 553625 3
602167 543919 5
113321 606322 3
808153 737136 6
840425 762290 6
280274 182662 12
308489 145929 12
135336 552552 3
859703 156782 14
238524 842928 0
333682 401078 9
846371 578530 7
850451 764015 6
890223 556874 7
321309 569996 4
221002 870506 0
807278 566392 7
863706 491401 7
125548 552424 3
572417 403906 10
460684 371809 9
345069 165968 12
338717 181582 12
142668 544976 3
165104 543395 3
695010 449565 10
318738 182134 12
866352 535933 7
605958 573728 5
662249 918050 2
682315 843851 2
821428 153468 14
154620 576738 3
233480 289069 8
850176 127908 14
637323 549567 5
659734 844127 2
405986 787439 1
267662 127175 12
800037 317963 11
843432 490725 7
829790 205695 14
821908 732077 6
855233 141357 14
239495 163949 12
700098 894685 2
674114 970756 2
673332 857517 2
155228 357729 8
619415 397644 10
672800 874378 2
256073 917590 0
431437 436764 9
588432 446279 10
139641 557503 3
898976 198452 14
283017 850861 0
182239 333302 8
828194 742074 6
343119 382074 9
403852 792473 1
836081 178429 14
825414 734466 6
383032 788008 1
844734 164570 14
853562 531620 7
385183 556284 4
477323 384551 9
838276 395673 11
163091 350167 8
858057 542933 7
829529 375007 11
623004 508050 5
356865 545785 4
307616 207295 12
158366 537970 3
614497 830844 2
470922 770669 1
835581 147664 14
857620 709386 6
861519 531277 7
676767 832479 2
607604 573951 5
316263 163806 12
348263 386451 9
680357 620811 5
329859 564384 4
257926 936947 0
312275 145173 12
834602 213597 14
351459 565704 4
573925 449341 10
796916 323332 11
838142 156770 14
451853 420873 9
69565 599820 3
336266 148507 12
343018 239960 12
800231 732106 6
669118 354195 10
460628 434107 9
159271 568953 3
401330 395538 9
299460 144708 12
680579 836946 2
585207 336451 10
158596 562634 3
523779 163905 13
783491 288029 11
613719 382828 10
350964 149159 12
852037 649724 7
397669 792218 1
414290 393146 9
861631 169376 14
674121 858589 2
847728 576707 7
481133 781413 1
653177 819935 2
473485 847098 1
595411 413706 10
618053 357534 10
562772 382904 10
868128 568529 7
136232 576477 3
757421 774445 6
114311 601605 3
140101 341028 8
578804 573582 5
607214 575069 5
505603 147517 13
369418 733394 1
144228 344974 8
882306 173836 14
363304 553764 4
318707 160697 12
331798 143962 12
545699 174099 13
707894 904500 2
311408 168232 12
516084 178725 13
159253 343477 8
390282 789593 1
924289 171369 14
321620 169950 12
327734 163585 12
429653 438596 9
636807 424537 10
343997 585193 4
887556 531797 7
333937 51121 12
369249 797068 1
302582 134124 12
520845 176291 13
514428 222503 13
509279 180548 13
614615 574437 5
469656 153741 13
415534 110526 12
289531 145743 12
408714 391412 9
336585 420977 9
869288 168662 14
683027 876064 2
798243 324160 11
340966 420480 9
797242 324588 11
285865 167818 12
509955 141698 13
206687 342276 8
604001 573587 5
321645 164662 12
858587 150101 14
610666 551701 5
446537 828924 1
338583 563529 4
668567 856554 2
618113 400002 10
176982 354631 8
218369 851387 0
516085 195504 13
316820 150304 12
292492 99170 12
846257 145306 14
525967 565687 5
605100 573307 5
135284 555664 3
848570 703697 6
875160 698897 6
773955 239849 11
253899 862843 0
631446 561156 5
623989 368662 10
122296 566921 3
264175 824349 0
636500 587401 5
850538 160159 14
328851 147002 12
533775 163036 13
632060 367800 10
178515 370287 8
227582 856861 0
621629 397208 10
916082 517633 7
856991 546255 7
267212 158699 12
411526 784658 1
417494 392231 9
849248 164090 14
814317 333112 11
219049 825171 0
400550 144359 12
324488 180658 12
363208 238649 12
137787 566189 3
817395 734126 6
622407 583192 5
860375 544804 7
865081 551012 7
823589 728083 6
339981 565418 4
696601 603624 5
836739 162321 14
467144 147308 13
